4778
4501
4252
6040
5004
4865
3862
4569
5552
5255
5663
4936
4374
5155
4316
4236
4174
3628
5211
4847
5449
5841
4204
4434
4405
4255
4201
4915
3698
5210
4142
5684
4018
4898
4276
3785
4842
5881
4064
6194
5813
4624
4988
3866
5214
4099
5345
4625
4029
4483
4429
4879
5914
3739
4350
5201
4733
4115
5310
4472
5354
4704
4971
5634
3895
5694
4607
3855
4695
5802
4289
4066
5298
5493
5504
4401
5897
5731
4410
4654
4481
5815
4518
5878
3977
3751
4163
4790
3851
4851
5389
5318
4799
4543
5630
4436
3784
4733
4182
4359
4836
5714
4241
5887
4430
5055
5352
4054
4223
3702
3566
4215
3872
4253
4696
3996
4946
3887
5258
5779
4126
3896
4287
3780
3860
4156
4276
5397
5207
5350
4675
3818
5317
4845
4801
5620
4344
5114
6081
5622
4991
4498
4473
4581
5575
5517
3929
3641
4794
4664
5335
3991
5461
5720
5013
5572
5916
6040
4923
4843
5688
6253
5149
4559
5376
3854
4813
5306
5539
5135
3416
3996
5213
3994
5610
5329
5860
5174
4439
4796
4682
4705
4364
4896
5700
4455
4608
4743
5118
4020
5242
5470
4942
3948
4075
4544
4825
4985
3659
3987
5479
3738
4147
4176
4508
3413
4844
4403
6587
4531
5258
5418
5365
5949
3993
5726
4167
4393
4895
4957
3978
4743
5427
5110
3771
4816
4908
4579
4978
5793
5270
5033
4299
5725
4380
4005
5048
5128
5715
4915
3998
4173
4802
5450
4586
4366
4656
5272
6795
5675
3522
4651
4194
5890
4587
5871
4724
5208
5596
5549
5021
4651
3877
5249
3878
5177
4629
4864
4712
4114
4291
4217
3879
5451
4440
4911
4486
5474
5590
4912
5694
5650
4256
4303
5211
4033
4819
4554
5170
5807
5834
4020
5198
5599
4504
4023
5708
4901
5559
4869
5346
5114
5725
4459
4026
3999
4679
5315
5673
5266
3991
4721
4007
4375
6116
4011
4518
4421
3839
5630
5171
3767
3760
4456
3823
5422
3880
4409
6669
5474
5389
5514
4264
3579
4400
3788
4534
5369
5930
4889
4600
6091
5848
4428
3837
5408
5349
5020
4805
5197
4952
5437
5097
4003
5005
4039
4917
3952
6083
5251
5701
4720
4961
5239
5574
5505
5423
5025
4823
5365
6031
5564
5017
4403
5590
5572
4350
4671
5390
5813
5817
5556
5159
4546
5074
5768
5236
4154
4765
4608
3736
4155
4066
4487
5708
4065
4382
5789
8082
3633
3847
4101
4123
4212
5216
5577
5792
5277
5183
5820
5309
5882
4885
3481
5255
4767
5462
3763
4981
4723
3766
5146
4243
5340
3591
4434
6047
3729
5935
5009
4972
3795
3890
5529
3937
5417
4430
4946
4112
3964
4097
5751
5740
5737
4522
4101
4974
4345
4444
5818
5145
4601
5716
5154
3905
4428
5250
4541
5171
4621
5506
5572
4164
4005
3901
3656
4425
5940
3880
5052
4838
5837
5320
4312
3762
3838
4646
5533
5168
3574
5534
3743
5349
5496
5298
4011
5561
5477
5642
4079
3923
5800
5602
5633
3945
5176
4587
5080
4765
3978
3789
4821
4451
5255
5553
5572
5733
5009
3851
5918
5601
5672
5619
4927
4910
4124
4510
5846
3658
5505
3774
5249
4615
5189
5564
5745
5786
4614
3949
4875
4240
4148
4463
5564
5363
8153
5881
3974
4302
4240
4168
5764
4502
4677
3682
5390
4933
5087
5633
5621
3961
6226
5393
4978
4616
5193
4587
4863
7021
5350
4015
3624
3938
5856
4880
3708
5219
3997
3959
4463
3582
5462
4719
4348
4982
5289
5103
5655
3984
4908
5806
5965
5383
5720
4613
5158
4771
4703
4696
5240
5501
4011
4368
4212
5715
4318
4969
5205
5036
4109
4585
4747
4061
4021
4031
5026
5416
5520
4787
4045
3867
4541
4504
5046
5560
5575
3967
5078
4381
3741
4130
4787
5086
4862
5573
4408
5402
5991
4522
5202
4751
5881
4967
3405
7
5886
3967
5235
5003
3806
3930
5311
5225
4346
4269
4669
3851
5214
5602
5290
5726
5621
5633
4881
4440
5601
4421
6555
4872
5130
3853
5830
6093
5709
5109
4465
5678
5282
5069
5079
4919
5720
4493
5024
4260
4188
5659
5714
5454
3677
4139
5922
4607
4092
5080
5470
5764
5613
5829
5548
5649
5856
5364
4541
4666
3697
5025
5064
4972
6188
4873
3798
4814
4686
3829
6230
5180
5731
5159
3872
4895
5104
4584
3867
4897
5723
4406
4669
4307
5322
6119
5359
5995
4125
5123
4171
3987
5637
3864
5774
4930
5182
4469
5385
4619
4033
4732
4959
3953
5685
3427
5490
3803
4922
4220
5637
4288
3798
4030
6460
5916
3840
4442
4296
5067
4718
5620
5403
5198
5487
5153
5611
4095
5395
5027
4557
4154
5315
5644
3631
4676
4356
4002
3867
5401
3939
4068
4313
5868
5710
4075
5493
3955
5199
4769
4500
5493
4304
4188
4578
4913
4067
4053
3926
5961
4767
5523
4609
4553
4881
5010
4546
4961
5177
3839
4882
5553
6041
4272
4279
4000
3890
5331
4815
4712
4302
5588
3699
3856
4309
5626
5765
5466
4700
5913
4962
5240
6095
5385
5464
4445
5554
5505
4636
4422
4524
4782
4342
4835
4448
4862
6153
5563
5586
5111
4546
4553
4590
5987
5799
5658
5849
5255
4955
5706
4232
4549
5307
4717
5471
4786
5765
6028
4172
4917
4564
5535
4620
4797
5468
3570
5451
4518
3806
5668
4524
4202
5319
4459
4968
4458
4902
4869
3661
5412
3722
3479
5135
4312
5558
5320
3776
4907
4317
5714
4795
4438
3899
3757
3876
5355
5603
4238
5737
5033
4703
5649
4363
5532
4288
3725
4397
4969
5125
5167
4513
5082
5690
3549
4126
4852
4946
4705
4497
4727
5333
5759
4497
3763
4951
5626
5560
4086
5919
3964
5144
4822
5617
3595
5060
4859
5221
5317
4777
5598
5550
4860
5685
4155
5744
4768
4010
4141
4396
4221
3692
5709
4203
4880
5640
5678
4765
4549
5644
5383
5271
3647
3708
4338
3840
5020
4018
4857
3894
4347
8163
3816
5585
5063
6025
5644
6376
4010
5063
4429
4813
5791
5845
5762
4705
6167
4090
5443
4580
4342
4166
4922
4208
5278
4373
5922
4591
5249
5478
4628
5731
4809
4072
5769
3955
4101
5580
5441
5053
5919
4849
3797
5683
4698
4887
3647
4303
5645
4083
4673
4840
5378
4020
5321
4852
4932
5299
3977
4282
5381
4085
4933
5031
5431
5226
4654
5112
3946
5537
4155
5490
5314
5593
4923
4659
4809
4064
6093
3735
3627
4335
4729
5626
5675
4833
4240
5895
3982
5858
4998
5570
4598
5698
5461
4702
4124
4785
5650
5594
5456
5496
5830
5551
3972
5024
5199
5614
5331
5682
4821
5003
4393
5075
4277
4724
4659
5749
5365
4502
4845
8143
3493
4587
5359
4635
5070
4166
3810
4817
5790
4100
4311
5456
5402
5606
3988
4919
5037
4041
3858
4217
4274
4292
5528
5734
6550
5203
5381
5831
8078
5698
4579
5064
4159
5617
4702
4956
4158
4381
3925
5897
4122
4972
5793
5264
4934
4765
4202
4189
4917
4050
3971
4968
5758
3810
4290
4625
3786
5102
8166
3926
4320
5469
5006
4019
4124
3626
6882
4597
5111
3917
4656
4093
5621
4419
4178
4875
5182
3720
5084
4872
5775
5469
5614
5744
4379
5063
5372
4416
5035
4502
5695
5357
5092
3724
4375
4232
5842
5111
5247
5756
4933
3780
5051
6003
3616
5794
5294
4531
4356
5878
4924
3963
5455
5765
3972
3853
5715
4313
5403
5607
4713
5498
4392
3835
4733
4609
4980
5605
4527
4457
4228
5057
4925
5385
4505
4788
4374
5850
4221
6127
4276
5774
4703
4893
4470
4740
5224
4087
5433
4396
4889
5617
4369
5502
4952
4389
4428
4275
7645
5008
4172
3612
5878
5185
4453
5664
3677
5362
4430
4695
5122
4397
4019
4041
4446
4480
5986
5656
5903
4163
4439
5294
4207
5654
4051
5174
4235
4869
5149
4834
4278
3820
3985
4914
3984
4613
5219
5658
5293
3948
3876
4392
5629
3825
5791
4002
4368
3463
3846
4016
4912
4142
5246
5281
4514
4053
5724
5207
4753
5081
5452
4063
3775
5045
5205
4060
5433
3635
5097
5064
4099
5372
3707
4849
4045
4000
4994
3661
5198
5679
5584
3738
4575
3828
3511
5900
3587
4113
5178
4980
5245
3870
5290
5832
5943
5483
5778
4303
5005
5688
4374
4436
5456
5833
3916
5529
5292
4095
4859
4781
4264
4788
3825
4593
4365
4859
4629
5466
4732
4290
4118
5403
5074
4828
5484
5692
5664
4365
4011
4986
5351
4864
5525
5414
4017
5348
4495
5715
4204
4803
5500
4130
4302
5529
4560
4580
3889
3779
3773
3994
5709
3945
4546
4145
3991
4790
4245
4769
5685
5860
4746
5934
4568
5878
4140
4285
4699
3998
4824
5679
4025
3914
6585
4214
3851
3859
5483
4354
5078
4513
5685
5013
4848
5747
5406
5063
4172
5397
4196
4158
4866
4449
5677
5371
4564
5087
5294
4732
5176
3618
4799
5592
4543
5813
4925
4170
5641
4038
5201
3680
4709
5595
4904
3669
4041
5980
3910
4237
5606
3479
5662
5267
3748
4838
3891
4251
5468
4341
5636
5545
4960
5957
6224
5429
4342
5602
5178
5626
5168
4442
5383
4104
3444
4585
3982
4056
5099
5701
3985
5791
4006
4583
5474
3989
4749
5015
3983
4312
6537
5941
4413
5841
4879
4128
4796
6237
4556
3694
3733
5677
5318
4023
5378
5082
5079
5869
5855
5278
8137
3942
6016
3955
5440
5794
5376
5219
4970
4554
5515
5253
5695
5344
4381
5428
4198
5194
4845
3950
5200
5527
4236
5901
5588
8101
4911
5504
4161
4593
5754
5582
4263
3965
5995
4239
5888
3946
5244
4753
4089
4481
4066
5012
5461
4817
5523
3915
4585
4488
5520
5684
4472
4513
3799
4254
5415
5426
5884
3957
4351
3511
4978
4765
4702
4877
5022
4272
3839
5064
5244
4720
5006
4075
5024
8144
5132
4392
5304
4739
3981
4343
5074
5541
4736
4556
4582
4708
4280
4716
3715
5562
5061
4681
5024
5320
5286
4839
4415
3934
4982
5632
5108
5834
3943
4843
5423
4882
5441
4316
5410
4350
3794
5033
4782
4670
4215
4452
5800
4165
4118
4690
5245
4558
4093
5006
4893
5028
4419
4019
5521
4971
5471
4653
4945
4896
4463
5638
5432
4890
5973
3846
5120
4441
4574
3702
5600
4637
3773
5300
5153
5183
4487
5099
5288
5613
4862
8155
4584
3836
5413
3806
4137
5219
4156
8076
5302
5322
4131
4562
3963
4230
5073
5358
5773
5539
6008
4753
3660
4676
5374
4949
4831
5973
5679
5796
5549
5179
5825
4089
4732
3795
5837
4153
3642
4026
5982
5743
4845
5127
4898
4961
3834
5422
4101
5386
3639
4219
5031
4187
5483
3841
3959
5658
4479
5776
4516
5503
4291
5721
4761
5157
5599
4855
5183
5449
5424
5259
4733
5681
4109
5157
5138
3929
4095
4775
5337
5836
4835
4973
4123
4891
3971
5813
5642
5144
4199
3925
4507
3820
3828
5383
4610
4834
4258
5321
5098
6079
4995
5867
4407
4562
4944
5120
5794
4835
5571
4564
5346
5669
4026
5177
5459
4763
3972
5719
4937
4173
4499
4720
3971
5077
4581
5279
6628
5866
5615
5261
4537
4447
4613
6092
5268
5125
3896
3971
4031
3947
5273
5945
4034
5825
4729
4350
4473
5810
3568
4105
4553
5561
3933
3933
4007
5634
6374
5201
3832
4890
4409
4547
5876
5269
5748
5500
5109
3740
5130
5595
4007
4878
5172
5797
5538
4123
4046
5293
3946
4183
5319
3886
5308
4878
3642
4079
4297
4484
4502
4361
5089
4816
3741
5518
4929
4603
4941
5186
4131
5527
4436
5276
4825
5251
3851
4904
5140
4835
3966
5623
4482
4053
4982
4822
4289
5163
4035
3906
4795
5564
4634
5275
4239
5403
4645
4480
4657
5740
5383
4134
4939
5847
4200
3628
3960
4898
3959
4916
4728
3615
3708
6196
5363
4092
3918
4916
4788
6146
3907
3955
5156
4687
5873
3759
3910
4108
5835
4292
4020
5541
5449
3694
4050
4094
4336
4387
3935
5152
5161
5629
5034
5781
5213
4944
3750
4651
3870
6109
5511
8082
5122
5194
5635
4910
4921
4533
5751
5450
5254
4909
4622
3992
5896
5487
4996
4657
5583
5168
4789
4243
4077
5126
5567
4915
5508
4019
5332
5557
5506
3991
4740
4885
4940
4211
5456
5565
4063
4527
3863
5075
4107
4153
4790
5037
4073
5323
5664
4706
5349
4995
3571
3685
5294
4871
5292
4952
5153
4469
5687
4955
5420
3669
3885
3680
4821
5792
4244
5564
5523
4533
5471
5262
5170
4903
5363
5953
5319
4828
5465
5055
5017
5326
4757
4634
4069
5692
4956
5693
4324
5223
3792
5874
3684
3975
5604
5018
4926
4012
5033
5686
5306
4307
4423
4728
5467
4126
3991
5527
5066
5485
5749
4410
5640
4389
4039
5225
4714
5274
4379
5119
4069
4665
3961
4177
3890
4688
4289
5708
5693
5843
5713
4490
3917
6459
4652
6206
4981
3823
4557
3744
5336
5856
5546
5323
6224
5599
5186
4786
3902
4119
4222
5084
5527
5969
5866
3985
6012
4366
4008
5341
4023
5081
5709
5921
4030
5517
5345
4151
3729
5557
3733
5392
5614
3992
5761
5026
4131
5939
5053
5994
4995
4179
4149
3922
5727
3841
4063
5634
5944
4297
5831
5340
5659
5317
5215
3906
4663
5000
3917
5296
4969
5279
5451
5617
5650
3827
5655
4037
5132
5933
5535
4884
5165
6444
4163
4678
5134
3651
4571
5214
4362
4738
4323
3875
5499
5733
4549
4054
4992
4388
4870
5490
4788
5323
4128
6686
5513
4940
4652
4778
3901
4174
5009
4124
3664
5117
5106
4559
5036
4753
5843
4662
5583
4397
4211
4494
5575
4314
4458
4208
5465
6702
5038
5220
3847
4298
5874
5346
5349
3674
5267
4453
6369
5325
5896
5406
4158
5093
3833
3992
5499
4129
4429
4217
5693
5477
5089
4972
3772
4662
5454
5698
5673
5808
4554
4994
5491
5126
4452
6006
4620
6575
3946
5052
4933
5457
5729
3840
4823
5091
3819
5664
4739
4277
5188
5968
4111
4246
5296
3935
4081
3709
4719
5697
4923
6532
4671
3946
4831
5587
5531
4825
5010
4163
5383
3637
3879
4671
4983
5001
5727
3899
4692
5138
4799
5548
5342
4773
5172
3935
5919
5441
5688
5176
4831
3897
5251
5909
5801
5513
3883
4994
4708
3907
4645
5827
5659
5990
4313
5543
5017
5835
4373
4420
5061
3957
5346
3934
5473
3982
4110
4481
6816
6522
4702
5087
4899
4046
5532
4706
5176
4874
4058
5272
5552
4036
4079
4787
3799
4844
4400
3530
4028
4126
4798
3797
5279
5155
4806
3866
4819
4407
4145
5876
5600
6433
4900
4009
5888
5312
3976
6834
5608
4924
5926
3958
4053
4176
5818
4049
4291
4484
4531
5971
5728
4007
5575
4394
5374
4051
4716
5931
8140
5585
5695
5495
5720
5385
6270
3977
5082
3981
5374
4057
3894
3804
5110
5784
4422
4525
4715
3954
5742
3961
5885
3707
5391
5678
5619
4238
5125
4083
4508
4169
4344
4107
4685
4248
5541
5572
5214
5079
3705
5402
5469
4449
5893
4193
4911
4154
5351
7156
5476
4216
4301
4315
5164
4814
3955
5500
4999
5732
5796
3770
5376
5715
5255
4900
3885
4411
5009
4785
4990
4599
4472
5847
5695
4871
4874
4571
5751
4951
4593
5152
6052
5136
4097
4442
4756
5068
4149
5519
4894
5336
4650
3887
5453
5321
5291
3801
5050
5757
5131
4061
4573
4311
4804
8072
5414
3830
5246
6344
4462
4346
6288
4722
5293
4563
5638
5367
3818
4220
5307
5224
5094
5740
5184
3922
5919
5628
5575
3793
5184
4062
5667
4550
5256
4257
5709
5222
4384
5325
4050
3918
4099
3661
3765
4987
6670
3979
5275
4419
4505
4004
4090
3921
3657
5503
4833
4123
5335
4565
3644
5392
3698
5288
5196
5412
3692
4773
4048
5274
5355
5078
5012
5818
6022
3863
3859
3892
4797
5535
5766
5122
3701
4751
4461
5008
3873
5846
5658
3907
5170
5601
4523
4294
3972
6537
3876
4590
4246
5358
4880
5591
4957
4246
6515
4875
5844
4567
5647
4129
5409
5299
4149
5067
4728
5138
4589
4888
5071
4809
5346
5767
4233
5291
4975
5266
5035
5806
4606
4957
5840
4338
4431
5318
5247
5468
5088
4676
4782
5574
5092
4844
5079
4049
4530
4516
4129
4119
6030
4722
4984
5040
4986
4784
3648
4016
5378
4452
5481
5514
3974
5217
4563
5429
3657
5954
4327
5834
4530
3871
5438
4148
5647
4206
5635
5144
5361
5030
4580
5579
4577
5513
4760
5204
5494
3860
5567
5040
4403
5818
4570
5119
5448
8150
5828
4038
5622
5649
5351
5620
4300
3480
5922
3859
4419
3962
6119
4525
4460
5989
5229
3552
4943
5039
4091
3994
3995
4513
5162
4723
4526
4366
4568
5591
4978
4599
4960
5652
5220
5116
4821
4251
5877
5481
4642
4704
4834
5488
4245
4088
5956
3768
5539
5478
5769
4253
3797
4541
5662
3696
4110
4175
5302
5055
3985
4152
4635
5793
5657
5311
5548
3786
4928
5268
4490
4208
3892
4518
6726
5698
5336
3961
5788
5652
4910
5872
4306
4205
4100
5617
4537
5054
4624
4305
4385
5025
4810
4582
4647
5480
4393
4097
4075
4490
4880
4778
4063
5888
4426
5349
4799
4617
5679
3980
4542
4824
4757
4015
4650
4857
5643
5000
4694
5649
3693
4571
4336
5644
5756
4924
5624
4476
5284
4195
4737
5010
3786
5594
5271
4267
4597
4563
5468
5456
6185
5392
3770
5076
5667
3879
5624
5012
3971
4632
3738
4992
5807
5870
5113
4722
6215
4370
4386
4213
4963
4774
5416
6536
4076
3593
3977
4146
5791
3875
4714
4143
5616
5920
5231
5557
5666
5168
5736
5472
4989
4591
5745
5113
4263
5722
5722
5096
4973
4775
4211
6847
3898
5070
5417
5149
4417
5619
4541
4432
4025
4191
5182
4871
5617
5353
5637
5531
5772
3899
4110
4872
4803
5899
5841
5575
4437
5486
4717
4454
4857
3948
4966
5306
5519
3440
3718
4162
5428
5299
5565
3741
4699
4645
3823
3730
4582
4778
4624
4532
4017
5056
4872
4745
4214
4730
5286
4320
4842
5259
5672
4157
5281
5921
5070
5076
4558
5471
5933
4060
4632
5375
5180
5483
5400
4317
4707
5269
3796
5335
5692
5119
3897
4219
5075
5535
4688
4331
5049
4372
4445
5633
3998
4316
4016
3918
4948
5671
3907
6021
5411
6630
5564
4559
5802
4737
5207
5797
5580
3694
5549
5039
5948
4280
5155
5448
5456
5454
4264
5297
3976
5849
5227
5012
5790
5596
5674
5130
5242
4632
4170
5050
4189
5327
5341
4777
5859
4727
5147
3879
5973
4897
4031
5007
5048
5426
5778
3940
4953
4540
6070
5708
5296
4042
5208
4810
5791
4590
3723
5254
4689
4703
5784
4459
5306
4266
4731
4207
5028
4060
3894
5426
4364
4863
4404
6129
4966
6394
4744
4145
5239
5343
5682
4841
4798
4777
5835
5651
3778
4343
5654
4749
4013
4453
5322
5043
4914
5240
4908
4251
5719
3954
4281
6520
3912
4043
5202
5423
5689
4947
5542
4762
5949
3762
4071
4100
6646
5100
4436
4744
4175
4388
4937
3519
5302
3990
4557
3908
5408
4097
5850
5190
4715
5401
3431
4073
4137
4514
3600
5005
5597
5742
4850
5590
4239
4379
4793
4582
5022
5307
5981
3882
5077
5031
5720
5068
5985
5108
5501
4796
4767
5226
5104
3746
4611
4134
4252
4654
5562
5005
5192
5120
5127
4815
5502
5124
5599
4247
4623
3659
4122
5251
4133
4618
5605
3878
5385
4242
5704
3942
4187
5850
5839
4846
5663
4504
4289
3899
4150
5848
5688
4206
3594
4152
5601
4952
4896
5497
4840
5350
6074
4057
5618
4164
4982
4429
5533
5086
3812
5600
4056
5613
4030
4445
5910
3443
3874
4326
5613
4409
3772
4621
5024
5410
5700
5839
5754
4377
5924
5511
4484
5082
4388
4225
5642
3877
5799
4131
5066
5221
5066
4934
5254
4219
5137
5579
3696
4518
4164
5552
5186
5861
4283
4767
4417
4911
3689
5510
4153
6333
4193
4846
4866
5834
4850
5746
5425
5064
4429
4534
5043
5592
4911
5222
6084
4264
4897
4526
5748
4589
3980
5494
3748
5001
5831
4451
5261
4515
5341
3282
5917
5557
4287
5167
4631
5564
4933
4184
4600
4984
3871
4648
5869
5895
5515
5330
5489
4983
3702
5435
5772
4312
3679
8105
5553
4169
3938
5702
5145
3833
4197
4181
4831
4203
5669
4979
5597
6056
3818
3916
4365
4229
5370
5195
5475
3893
5567
4515
4405
5206
5004
4121
4077
4174
3614
4298
4926
5031
4255
5518
5236
5721
4471
5070
4735
4116
4451
5755
5217
5666
4812
5650
5397
5004
5595
5279
5363
4059
6176
4717
4454
5472
5507
4250
5636
4443
5387
5050
8080
4157
5092
4205
5864
4014
5250
5953
5709
4772
5007
4862
4527
4454
5109
4920
5778
5276
5330
4929
3985
5717
4568
4010
5647
5324
5216
5435
5425
5475
4134
3873
5947
5261
5440
4040
4026
5054
5008
4359
5576
5163
5423
4841
5217
5131
4933
4290
4475
6034
4675
5258
5644
5132
4820
4467
5474
4530
4218
3847
5642
4652
4241
4893
5401
5253
4701
5104
5386
5233
4716
3990
5170
4709
5728
4530
4242
4178
4473
5067
4919
5521
5344
4700
4963
5789
4100
5717
4227
4653
5625
5423
5474
5117
4402
4854
4020
4810
4337
5573
3842
5449
4944
4837
5618
5319
4508
4389
5608
3948
4163
5377
3992
3734
4978
3928
3939
5500
4528
3746
4901
3600
5329
5926
3744
3929
5426
4921
4675
5029
5752
5447
3872
4167
6018
4857
5843
4238
4026
5279
3804
4309
4717
3936
4524
5951
5058
6570
3623
4747
5597
5872
4916
8072
6218
5133
4981
5841
5633
8157
5244
8187
4905
5575
5743
5484
4891
4079
4255
4336
3906
4396
4957
4858
5850
5655
4075
5284
5720
6734
5503
4784
5621
3994
4549
3968
5305
5080
5897
4248
3717
4527
4227
4138
5804
4702
3733
5097
5842
4496
4759
4576
5405
3959
5408
5620
4537
4602
5992
4903
5538
3902
4850
5770
3974
4753
5657
5139
5715
3799
4565
3845
5657
5416
4639
5191
4540
5915
5610
4319
4689
4094
4797
4749
4509
5084
5748
5045
4523
5738
5323
4733
4192
5673
4195
4970
5401
5584
4698
5058
4521
5413
5463
5107
4212
4828
5526
4248
5440
3901
5935
5005
4559
5953
4857
4533
3912
4952
4943
4131
5112
5023
4306
4648
4908
4610
4724
5144
4232
4071
4813
5514
3641
5595
5035
6054
5495
4352
5783
5423
4915
3923
4476
4363
4634
4980
3798
4620
5767
4443
4628
4903
5736
4306
4742
4770
4239
5789
5721
5544
5381
4507
3906
5226
4168
4327
5878
4166
5359
3908
4455
7781
5702
4022
4114
4206
4630
4994
4690
4081
5795
4922
4181
5627
3958
5106
4738
5915
4971
3943
5314
4900
4650
4749
3835
4313
4655
3905
4217
3792
5632
5553
4979
6046
5743
4787
4191
4942
4183
4639
4730
4185
3953
4367
5361
5677
3767
5619
5641
3951
4139
4000
4783
3958
4648
5603
4806
5034
4666
4680
5418
6898
4784
4322
3954
5398
5325
5399
5022
5172
5688
5189
4757
5281
4701
4695
4592
6199
4228
4186
3798
5004
4549
3817
5543
4884
4455
4896
4001
5318
4983
4896
5297
5174
5718
5334
4650
3479
5117
4366
3857
4536
5777
3816
5312
4585
4591
8066
4699
5854
5240
5525
4157
3755
5702
4826
4588
5493
4975
4573
3903
4546
4859
5242
5954
4078
5658
5844
5676
5189
3761
5552
5878
5652
5439
4046
5379
3826
5671
5533
5956
4673
4250
4611
6470
3898
6078
5390
5473
5542
5006
5773
4668
4098
5205
4002
5797
5361
5345
4882
3620
5539
4656
5158
3832
5176
4896
4802
5741
4477
5396
4211
5429
5050
5303
5571
5904
5514
4508
4112
4993
4376
6118
4455
5725
4807
4350
3886
5583
5602
5610
3984
4313
3948
5692
4649
5883
3856
5175
4702
4808
3765
4146
5832
5086
5831
3995
4153
5714
5641
3919
5032
5380
3560
5161
4083
5101
5704
3881
4638
4409
4058
5072
4132
5040
5683
4161
4480
5658
4345
5551
5728
4777
5380
4475
3973
4880
5525
3780
4773
4351
4982
4745
5141
5681
4813
4679
4706
4004
4319
4565
6587
4392
4746
4226
4981
4918
6480
4197
5815
4915
5948
4383
4076
5688
5069
5459
4295
4197
4054
5736
4516
5623
5424
4476
4357
5668
4206
4794
5472
4877
4906
5664
5782
5756
5103
5402
3623
5126
4037
5079
4212
4186
5103
6272
3884
3989
4409
5674
5542
4576
3806
5010
5231
5408
5352
4961
4768
4223
5056
4777
5232
5580
5719
4153
6195
4110
5972
5628
5615
4660
5920
3838
8141
5602
5001
5312
5771
5749
5123
4917
4909
5250
4364
5107
5271
5304
4275
3992
4601
4235
5147
5649
3721
4694
4929
5576
4381
4090
4815
6458
4862
4666
6628
3791
5590
5857
5757
5808
6359
5603
4927
4198
3923
5258
6292
4855
4771
5955
5123
4153
4401
5680
4445
4088
4635
4592
5396
5947
3960
4195
4082
4424
5020
4304
4532
5083
5033
4834
4713
5255
5426
5696
6034
5036
4777
5776
5483
4578
4249
6000
5274
4173
4853
4887
3768
5815
5632
4743
5095
5824
5619
4986
5530
5517
5554
5909
3953
4230
4527
4417
4592
4242
5580
3645
3980
4148
4521
4593
3826
4734
5362
3836
5127
5927
4980
4109
5578
5643
5482
3988
5100
4695
5672
5792
4906
5521
4615
5518
4279
4437
4278
4204
4532
5221
4620
3829
4201
4106
4790
5833
3992
5913
4768
4358
5677
5151
5609
5676
4154
5912
5510
5073
5014
5689
5031
4352
5325
5679
4732
4691
3875
5896
4920
5485
3852
4987
5403
4653
4696
3855
6392
5677
4894
5288
5795
4540
4803
5774
4239
5009
6138
7626
4620
6013
5623
5606
3780
5786
3607
5570
5472
4598
6188
4924
4654
4933
4758
4173
5271
4492
4488
5867
5808
4689
5469
4222
4206
5558
5093
5642
3849
5117
4611
4125
5394
5312
5147
6076
5204
4676
4417
7252
4828
5704
4794
4049
4978
5429
5552
4116
3873
3668
5999
5866
4358
4171
4979
5454
3995
5399
4900
4413
4911
4032
5053
4788
4082
3919
4395
5586
4514
4950
4159
8159
4686
5812
4423
5594
5853
4712
4738
5492
5543
5318
4662
5034
5375
5865
5727
4283
4583
3897
5419
5506
3975
4473
4220
3691
4370
4153
4936
5464
4796
5123
4700
5683
5564
3559
5240
5255
5257
3963
5509
5702
5075
5343
4129
5326
4283
5690
5215
5634
4924
3959
5409
4665
3779
4671
4320
6005
4264
8164
5327
5126
4924
4316
4691
5287
4215
3872
5751
5975
5113
4976
5492
5469
3885
4609
5815
5087
4948
5562
4808
6101
3735
5573
5804
4802
4921
5508
5067
4118
4796
5460
4050
4998
5670
4584
5929
5113
5949
4084
3947
6017
4763
4591
6714
4491
5190
5069
4464
4246
4247
4803
5107
5586
4247
4689
3577
4119
3647
3790
3881
4938
4856
5071
5592
4515
5438
5027
5415
4979
5849
5168
8190
5046
4608
3876
5412
6179
5142
5362
4179
4724
4648
3905
3987
4595
5749
5246
5579
5158
5035
4980
4057
6560
3890
5433
4351
5484
4322
5538
4676
4902
5046
4353
4625
4471
5632
5310
4782
4105
4198
5706
4450
4331
5468
5366
5701
4645
5933
5035
4986
5125
5316
3777
4173
5598
4552
5316
5571
4761
4926
5026
4229
5501
5593
4827
5503
4681
3918
5261
5587
5020
4186
4432
5215
6005
4335
5321
3804
5551
4649
3720
4442
4950
3682
5356
5445
5105
5788
4407
5865
5572
4238
4581
5945
4041
5107
5712
5910
5724
4556
5152
4994
4079
5657
5984
4763
3614
4801
5237
3944
4942
4836
5767
5700
3993
4179
5714
5181
5508
5942
5476
3885
4998
4483
3858
5603
5368
4001
4033
3990
4233
5187
4027
4076
4020
5630
4322
5308
4135
5444
5559
5145
5376
5724
4108
5954
5333
5452
5799
4923
3828
3681
5860
5183
5294
5016
5151
4926
5338
5881
5107
4674
5090
5289
4592
5455
4541
4997
4285
5472
4244
5761
4059
4955
5383
3644
4123
4580
4287
3644
3652
4755
5147
5766
3960
4516
5585
4240
5734
3936
4434
5811
5103
4044
5497
5827
5665
5852
3553
4264
4942
5384
4189
5237
5825
4074
5396
4683
5870
4889
5948
4202
5732
5239
5618
3836
5904
4928
5688
5280
5844
6057
4210
5103
4782
5059
3837
4080
4093
4181
5056
5362
5028
5626
5615
4230
4584
3863
3705
4120
4995
5637
4874
5520
4040
3913
5651
4951
5918
5441
4734
6068
4026
4861
4726
4172
3786
5091
3739
4794
5694
5347
4334
4899
4149
3977
4280
5750
3915
5816
4739
3792
5674
3848
4312
4996
3914
5103
5844
3826
5554
4870
5078
5707
4549
4004
5297
5044
5311
4299
4426
4502
4942
4515
5682
5446
5825
4456
4359
4848
4354
4037
5922
5524
5852
3998
5296
5464
4650
4381
3874
5820
5499
4095
4171
4562
5957
4240
5298
3663
3922
4866
3949
4926
4409
4607
4193
4972
3739
8125
4178
5587
4875
4728
5247
4128
5364
4528
3982
5331
5088
5663
5760
5313
5155
5687
4088
3515
4880
4065
5785
6070
8142
4636
6626
4415
5073
4557
4633
4236
5199
4835
4783
5033
5220
4348
4868
5448
4072
3996
5417
5332
4795
5121
4974
3951
4501
4150
5137
5409
5359
4697
3929
3881
5649
5946
3988
5692
4899
5580
5540
5179
3874
4510
5002
4859
5919
4282
4983
4266
5862
4465
4035
3598
4434
6573
5233
4478
4919
4105
4505
5638
4093
5106
4510
5092
5401
4345
3874
4410
4336
5425
5682
4205
4034
4415
4810
3892
4553
4069
4395
4217
4922
4433
5278
3983
5772
3665
4354
4266
5621
4299
3977
5011
3826
4174
5351
4342
3824
5053
5248
4578
4100
4622
5685
4476
4505
5486
3806
4473
4948
6793
5792
5302
4757
4550
4011
3972
5284
5731
4794
4395
5124
4239
4912
3973
4553
4307
4939
5673
3510
5202
4051
4981
4166
3882
5089
4104
3923
4279
5486
4862
4019
4351
5791
4952
4970
5246
5202
5003
5078
4232
5476
5001
5699
4729
4960
4281
4258
4322
4575
3885
4654
4194
4848
6369
5368
6057
5043
5124
6029
5365
5060
5389
4085
5438
4931
4730
5487
4470
5992
4627
5837
4706
4314
4089
4117
4693
5210
4227
4148
5627
4028
5323
5626
4111
5473
5523
5300
5067
4996
5599
5871
3793
5554
4217
4406
3929
4617
3835
3884
5743
5009
5167
4594
4843
5180
4924
5624
5372
4298
5677
5979
5444
4358
5279
5128
5037
4279
4086
4390
4270
5277
5188
5134
5673
3770
3812
5071
5360
4272
8171
5742
5832
4313
5193
5761
6109
3989
5496
4878
4066
4954
3803
5822
5015
4554
5601
5106
4413
5211
3863
4406
5120
5031
5780
4470
4867
4330
5511
5036
4322
4204
5775
4085
5514
4823
4694
5153
4260
5206
5416
4754
4265
5363
5707
4693
3707
4686
4102
5567
5668
5816
4782
4577
4194
5262
5972
3858
5752
5342
4746
5675
5568
4963
4817
5673
4646
5859
5567
5735
4762
6079
4408
4799
4596
5050
4529
4111
5124
3763
5500
3873
5466
5988
4760
4810
4426
4873
4997
4773
3914
5033
4927
5576
5837
5464
4453
5338
5226
4083
5431
4238
5151
5717
4468
4378
5454
3724
5513
4620
3676
4564
4078
5448
5796
5596
4997
5317
4926
5483
3899
4712
5692
5800
3916
4649
5432
4041
4637
4799
5330
5571
5354
4329
5188
3960
5908
4504
5981
4837
4941
4601
5751
4489
4473
5489
3705
4952
5541
4901
5560
5390
5029
5451
4776
5235
5692
5583
4641
5712
5704
5151
5155
4480
4498
4770
3875
5241
5550
3985
3664
5322
5362
4356
5849
3636
3793
5298
5770
5922
5133
4315
4818
4745
4044
4932
4577
4343
7069
5022
4849
5122
4700
4905
4792
5494
3711
4998
5787
4726
4606
6482
4109
5071
5939
4165
4823
4484
4713
4301
4927
4633
5736
4325
5135
5666
4644
5815
5182
4250
4233
4155
4337
4393
3797
6213
3941
4968
5172
4140
4972
5722
5388
4830
4967
3928
5775
6138
5196
4207
4830
4899
5053
5762
4922
4695
5270
5307
5505
5758
5579
3931
3826
5128
3928
5408
4150
3809
4877
6015
4004
4556
5561
5495
4878
4637
4426
4879
5436
5581
6507
4362
4530
4789
4388
5991
4323
4435
5128
4462
5960
3685
5045
4078
5260
4139
4994
4624
5960
5739
4937
4358
4954
4992
4696
4145
5303
4634
4721
5517
5722
4315
3883
5385
5397
4068
4351
5364
4987
5647
4219
4541
6511
4229
4412
3989
4271
5886
5837
4844
4348
4242
5735
6374
4086
5451
6019
5100
3648
3744
3895
3793
5264
5316
5426
5236
4791
4281
4846
5842
4556
5115
5595
3869
3727
5649
5584
6654
4603
4448
5167
3944
4245
5596
5524
4272
3812
5148
5719
4661
4958
5152
5705
4168
4853
4045
4404
4406
5600
5031
4951
4544
4554
4900
5756
5096
5636
4028
4362
5681
4637
4623
4252
4187
5470
4151
3893
4577
5534
4877
4437
5538
3918
4798
4880
4234
4394
3997
5685
5700
4993
4578
5462
4443
5774
4423
3922
5088
4766
4419
5598
3773
5466
4738
4955
5930
4839
4174
4462
5660
5349
4833
5318
3643
5123
5536
4203
3955
5806
3790
4315
4341
5268
4299
5596
5313
4703
4622
3820
4455
5970
5344
5448
5005
5829
4576
5035
5035
4553
5510
4774
3740
5111
3957
5241
4600
5442
7953
5198
5703
3953
5872
3697
5760
4092
4163
4942
4201
4923
4911
4245
4270
3567
5038
4078
5886
5487
4293
5474
5389
4788
4037
4189
5292
3901
3924
4177
4429
4761
5382
5218
4076
5146
4201
4230
3956
4569
4194
5845
5749
4930
4985
4808
5662
5678
5292
5187
5617
4018
4534
4408
4659
5157
4857
4457
4220
4158
5479
5684
6476
3919
5296
5351
3809
5255
4497
4100
5806
4639
3985
3676
5429
4836
5623
4977
5148
5235
5827
4157
5659
4234
5480
5894
5153
5017
4167
5607
4052
4418
5437
4421
4065
5974
6466
5105
5748
4524
5495
5470
5218
4295
4333
5509
6082
4797
5510
5445
5606
3778
5464
4441
3919
5605
3669
5171
4988
4652
4903
5172
5572
5571
5520
4328
5452
4825
5860
4254
6400
4431
5471
5349
3717
5076
5350
4260
4021
5098
4252
3971
5685
4529
3535
3677
4916
4327
4901
5742
5377
4456
4994
3917
5357
5247
5389
4677
4874
4417
4373
4274
5317
5706
5025
5065
5586
4693
5890
5775
5347
5673
4587
4188
5647
6107
5799
4018
4984
6067
5897
5144
3856
5304
5083
6262
3727
4172
5823
4187
5618
5435
8095
4839
5018
5057
5837
4794
5529
4945
4861
4523
4110
4730
4129
4137
4240
5068
5516
4050
5202
5576
4976
5238
3795
5820
4785
4332
5622
4604
5930
4054
4945
5273
5591
4207
4519
4892
4241
6069
5564
3976
5826
5743
5368
3956
3933
4013
4892
4011
4376
5306
4927
4366
3644
4935
4373
5263
4795
5275
4130
3655
4392
4306
4875
4296
5791
3821
4498
4810
4572
4806
5328
4400
5700
3833
4194
3799
5421
5197
4923
4527
5541
4628
5897
5781
3497
4273
5565
4365
5374
6164
4086
3903
5195
4247
5015
5046
4704
5168
4299
4680
4222
3986
4673
3957
4884
6062
5803
4508
4667
4715
4504
4395
5023
5250
3991
5812
5808
5722
5014
4015
4749
3811
5310
5725
4937
5378
5440
4809
5616
5112
5981
4109
5060
5123
5476
5440
5879
4379
4634
6461
4103
5201
5024
4114
4117
4961
5084
5488
5356
5766
4728
4863
5302
4203
3710
3865
4192
4982
5024
4132
4923
5070
5354
4774
5112
4869
4300
5042
4443
5076
5877
4632
4215
5165
4983
5677
3833
5422
3607
5703
3646
4335
5643
3661
3821
3894
4746
4567
4443
4451
4318
3566
5584
4167
4634
4396
4850
5967
8130
3920
4890
4033
4143
4670
6060
4522
4398
3808
5311
4645
4674
5049
5386
5177
5566
4750
4126
5489
5702
4559
5301
4164
5303
5700
5140
5543
4172
4033
5224
5347
4911
5684
6258
3768
4719
4364
5587
5043
4392
4346
4196
5626
4620
4650
4883
4140
4532
3977
3807
4137
4792
5481
5612
4004
5021
4057
5390
4000
6984
5407
4838
5290
4667
5712
4103
5090
3917
5645
3861
5561
5463
5285
5069
4247
3695
4821
5520
4866
4717
5044
4783
4495
5787
4929
5675
3992
4165
5022
5371
5961
5008
4902
4928
3860
4779
4710
4274
6567
4291
5372
5417
5136
4998
5448
5274
5462
5872
4532
5018
5124
4244
5688
3785
5009
4548
4775
4835
4465
4397
5341
4288
4962
5021
4544
4270
4746
5654
5842
3900
5430
5188
5195
4554
5453
5602
5583
4894
4274
4687
5479
4478
4734
5882
4074
4147
3889
8073
3668
5024
4866
5583
3875
4258
3969
4813
3911
4877
5726
3642
4116
5190
5276
5786
5700
5239
5272
5586
5514
4594
4902
4225
4834
3957
8109
3968
4115
4903
4445
5139
4990
3947
5481
4892
5005
5015
3994
3853
4974
4086
4685
4844
4689
3895
4173
5096
3830
4821
5523
5657
5602
4665
3768
4565
4354
3574
5409
5266
4293
4938
5222
4593
3940
5143
5279
4288
3774
3766
5088
4957
4246
4239
4012
4518
5574
3758
5099
4716
5256
5049
5256
3624
3889
5531
4867
4708
5557
4238
4254
5821
5026
5783
5728
5165
5978
4535
5426
5192
4216
4061
5630
5402
4121
4581
5046
4844
4887
5375
5497
4465
5597
5078
5442
4520
4112
5608
6805
5935
4889
5502
4293
4807
5876
4915
5051
8137
4450
4904
4546
4351
5043
3869
5389
4792
4733
5795
5703
4593
5535
5293
5189
4734
4124
4444
6556
4662
5349
4057
5464
3781
4443
5863
5274
5834
4923
4839
4567
5606
5326
4172
3777
3698
3980
3633
3974
3727
4137
4121
4242
4547
4410
4515
4523
5072
4312
5583
5631
3686
4071
5037
4334
3701
5446
4539
5090
3974
4710
4757
4534
4557
5216
5039
5208
5764
4782
4277
3950
5516
4922
5752
5321
4218
5796
4821
5548
3795
5783
5700
5541
3906
4420
5383
4312
5224
5680
5147
5528
5636
3876
4124
3889
4608
3945
6440
4436
5195
5464
4075
5013
5031
4781
5625
4823
6904
5607
4661
4112
5609
4106
5559
3800
4837
4899
4723
5167
4126
5096
5387
4849
5187
3823
4130
4045
5233
4497
4889
5243
4653
4037
5073
4577
5444
4918
4688
5458
4086
4929
5747
5072
4777
5174
5717
5059
5600
4048
3973
3919
4624
4005
3863
5681
4891
4501
4747
6152
5183
4942
5740
5193
4215
4845
5119
4959
4854
4515
4493
3409
4237
5513
4468
4895
4336
5774
3797
3749
6556
5512
8082
5969
4444
4960
5023
3665
4898
5390
5054
5782
5624
5680
5588
5522
4519
4358
4154
4468
4814
5714
4232
5302
6632
5338
5627
4561
8079
5019
4459
5549
4848
5555
4544
4226
3832
4824
4435
3757
5520
5642
5673
5639
4346
5589
4069
5221
5031
4777
4533
5824
5987
3812
5468
5056
4743
5478
5194
4929
3829
3488
5182
4652
4192
5921
4726
5570
5939
3619
4679
3820
4632
4687
4592
5420
8083
4150
5644
5725
4998
3909
5603
5251
5727
5851
4658
5899
5330
5726
5280
4902
5771
5193
4191
5476
3853
4651
5754
5521
5718
5709
4605
3823
4645
5644
5210
5018
3905
4777
5226
4677
4997
5191
4717
5460
5087
5351
5128
5636
5695
5548
5268
3741
5638
5956
5152
6163
4228
5125
3834
4538
3812
5523
5226
4865
5142
5278
5495
4537
5859
4936
4934
5222
5333
4688
4081
4584
4536
4398
4215
3862
5150
4710
4921
5870
5200
4290
3683
4281
4972
4013
4938
5114
5597
5416
4071
4417
4639
5701
4824
5798
5183
5603
3893
4172
4920
5817
4696
5961
5013
4881
4690
8
4846
5222
4255
5131
4694
4168
4514
5537
4815
4760
5060
4605
6037
4846
4057
4891
5564
5424
4255
5900
5292
4193
4760
4593
4146
5366
4413
4938
3869
4868
4817
5476
5214
4055
4609
5313
5528
4133
6048
4260
5043
5204
4331
3803
5905
4588
4361
4975
4397
8118
5474
4800
4147
5224
5492
3878
5075
4773
5607
4952
5235
4001
5301
4198
4351
5493
3999
5460
5975
3783
4916
5524
4153
4961
4313
5356
5033
5833
5466
5440
4602
4041
5187
4084
5781
5420
3777
4427
5723
5759
4349
4528
5008
4645
4796
4257
4229
5567
5730
4621
6037
5770
3810
3867
4759
4604
5064
4045
5883
5507
4491
3833
4492
4071
5083
4042
5523
5625
4318
5730
5729
4299
5581
5052
4111
5457
5447
4387
4111
5736
5747
4046
4487
5319
5182
5612
5994
5071
5357
5723
4623
4148
3780
4918
4233
3987
5008
5865
4576
3946
4422
4348
5033
5082
5461
4921
4498
6044
5000
4530
4924
4941
4216
5856
4799
4294
5646
5092
5224
5002
4257
5049
5582
5887
5881
4246
4259
4646
5726
4282
4346
3975
4101
3734
5493
5291
5170
3914
4208
5662
5342
6370
5772
4059
3722
5074
4574
4082
3614
4726
4887
3610
5395
5916
5422
5697
4010
5499
4163
5798
4715
5535
4216
5834
4602
5032
4900
5116
5539
4698
5865
4889
5691
3879
5855
5482
5236
4123
5730
4827
4341
4588
4648
4973
4583
4254
5868
4136
4489
3854
5431
4210
4935
3740
5621
5681
4543
5667
4164
5188
5318
5310
4305
4604
5031
5520
4151
5026
4399
3879
5720
5012
6009
5584
5555
4334
4829
3924
5597
3900
3972
3684
5956
5575
5684
4005
4192
5263
5085
3845
4667
3969
4964
4955
4000
5033
4441
4942
5946
5938
5654
4199
4381
5422
4969
4342
5777
5396
5412
5538
5622
5357
4113
4613
4655
4269
4458
5260
4122
4231
5268
5132
3836
4304
3813
5062
5028
5102
5703
5554
4074
4823
4449
3971
3697
5176
4700
4251
5091
4829
4907
5226
4061
5374
5952
4952
4369
3923
4778
3924
4489
5335
6114
4807
4278
5543
4331
4253
4641
4735
4082
4806
4215
5023
6022
4385
5424
5721
4233
4018
5224
5228
4068
6750
5154
3774
5414
3845
5227
5182
5291
5548
5705
5311
4290
5785
5537
5712
3558
6051
5442
5527
5127
4847
5538
5462
5676
4294
4734
4959
4342
5292
5781
5438
5773
5598
4743
5278
5489
5083
5420
4222
4241
4605
5022
5877
4263
5252
4463
3940
4600
4079
5892
3782
5618
5251
5617
5124
4437
5207
4045
3546
4037
3799
3853
5707
5696
5307
4169
5179
5520
5004
5276
5447
6726
4377
4345
5666
5624
4047
5872
4215
5647
5178
4304
4958
4605
4051
5750
5420
5085
5141
4574
6059
5159
5362
5745
4945
4554
4580
5332
4905
4073
3837
5670
4143
5395
4289
5042
5475
5215
5776
4286
4644
4887
4582
4854
3943
4389
3945
4846
4925
4803
4658
5344
4159
5112
5766
4472
5369
5284
4649
4079
4643
5215
4753
4289
4036
4848
4549
5160
4917
3623
4844
3918
4178
5779
5518
5687
5720
5506
3909
5597
4926
4066
4923
5355
6073
3621
5047
5280
4729
4997
3991
5041
4515
5869
4940
4066
5024
4326
3605
3987
4760
4863
3902
4882
4462
5339
5469
4133
5340
4996
5105
5839
4446
5457
4377
5039
4242
5189
5596
5049
4850
4841
4975
4888
5645
5674
4966
5511
5269
6262
4137
5842
5147
4349
4529
5841
5241
6135
5090
5534
5875
5492
4373
5559
4463
5367
5913
5607
3921
4988
5169
5045
5285
5728
4537
4249
3920
4735
5105
5267
3999
4174
3965
4073
4609
4360
4900
5199
4570
5553
5538
5333
4104
5788
3971
4429
4617
4811
5177
4971
5219
4503
5814
5002
4869
4962
6959
4525
5356
3564
4097
4683
5355
6621
4313
5752
5569
5542
5362
4972
5589
4416
5408
4737
4227
5492
5536
5311
5044
5007
5063
5446
4245
5401
5037
5019
4392
4543
5606
5428
3790
5522
4676
4902
4045
5476
5313
4153
5376
5134
4745
5130
3871
5731
4207
4173
4936
4618
5607
4065
5637
5237
5464
5118
5547
5471
5151
4089
5722
4008
4950
4921
3945
4943
4510
5256
5540
5254
4589
4022
5801
5867
5903
4853
5989
5309
4879
4869
5037
3930
4073
6385
5931
4998
5640
4407
3879
5357
4581
5392
3811
5487
5068
4000
4431
4260
5032
5334
4736
6217
5698
4854
4999
4125
5028
5667
3746
4801
5602
4117
4177
5455
4449
4900
5304
5011
4123
5735
5352
6053
5683
4750
6816
4112
3759
4536
5846
4483
5827
3967
5701
4239
4248
4775
4575
5592
6059
5433
5074
4206
3975
5756
5324
4652
4144
4301
4134
3567
5302
5517
4786
5046
5043
6118
4935
5215
4204
4761
5078
4601
5165
3977
5603
4004
4217
5613
5247
5752
5455
3902
5612
4693
4947
3939
4674
5193
3889
5701
4099
5581
5222
3765
5140
4587
5761
5318
5017
4848
5323
5534
5616
3744
8163
5528
5515
4849
5245
6138
4380
4601
4522
5516
4450
4772
5342
4587
5148
5705
3947
4940
5059
5019
4069
5405
3840
4958
3992
5119
5106
3821
4906
4456
5724
4956
5010
5099
4980
5686
5716
4170
4544
5304
4451
4980
3846
5890
5086
5077
5532
3971
3881
5324
4694
4387
4836
4350
4115
4180
5605
5133
4899
5315
5034
5691
5052
4968
4154
4714
4438
4669
4295
5350
5594
5630
4059
5701
4717
5643
4699
5279
5711
3961
3821
4864
3586
4528
4766
5021
4705
4008
4802
5485
5610
5493
5742
4626
5518
5097
5431
5719
4246
5694
5398
4776
5165
4566
5222
5365
4207
4938
4617
6546
4001
5859
4314
4758
5445
5817
4568
5574
5869
5866
5866
5855
3765
4988
5443
5317
5085
5107
4597
4567
4561
4144
5344
5366
5176
6435
4031
4791
4838
5991
4508
5606
4263
4775
5800
5016
4500
5285
3676
5705
5447
4605
4167
4538
4156
5459
4763
5871
5099
4188
3899
3910
5142
5423
3847
5354
5147
5701
6041
4737
5111
5409
3938
4814
3883
4616
4864
5443
3783
5910
4402
5240
5584
4253
5589
4284
3799
4289
4316
5718
5925
4203
4126
5374
4051
5194
4255
5414
3946
4832
5343
5882
4898
4893
5171
4303
4861
5493
4532
4937
5352
4797
4794
4044
4701
5228
4565
3867
5531
5386
5796
3923
5337
5031
5069
5423
4035
5216
5731
5405
4109
4510
6084
4605
4557
5742
5889
4104
3653
4739
4402
4036
5756
4227
3681
5404
5466
3803
4782
5744
5687
5712
5748
5284
5678
4180
4358
5700
4316
5457
4022
5051
5323
6089
4736
4847
5015
4039
4251
5756
6819
5263
3817
4513
5093
5015
5383
4454
5464
4314
3854
5572
5689
4830
4072
4708
4412
4852
4078
4846
4460
5043
4666
4617
5070
5012
4377
5408
5230
5109
4251
4456
4899
5650
6059
5770
4700
4405
3808
5439
5057
5355
4134
5291
3719
3665
6056
5696
5909
4297
5818
5676
4950
4709
4250
5795
5392
4031
5402
4220
4889
4759
3788
4268
5479
5479
4904
4520
3986
5473
5371
5359
4491
4210
3755
5092
6195
4890
3820
5205
4256
4149
5277
4869
5014
5399
4681
5049
5664
3989
5014
6013
3995
3827
4718
4127
3780
5855
4171
4213
5642
4442
5119
4433
5094
4734
4097
3885
5507
4350
4230
5287
5310
5739
3986
4753
4484
4146
5192
5453
5657
5534
4169
3898
4319
4560
4489
4556
5312
5855
4712
5107
4576
5592
5334
4749
5437
5473
4167
4496
5338
3773
4392
3904
3951
4903
5355
3784
4122
4869
4515
4235
5003
4886
5548
3956
4895
4769
5802
4521
3994
5462
5387
5481
5158
6379
5548
4299
6259
4750
4425
4073
5253
4127
5316
5161
5180
4061
4489
4981
8135
8078
4774
5824
4819
4394
4329
4645
3848
4178
5063
7544
4384
4431
5336
4928
6537
5548
4049
5639
5130
5255
6014
4171
4227
5041
4728
3987
5216
4793
4456
4127
4092
4452
4015
6019
5818
5714
5984
5932
5736
4992
5792
4182
4407
4940
5370
5818
4531
5500
4051
4995
4806
5140
3928
4816
5056
5316
5508
5756
4598
4801
4033
5118
5199
5416
4275
4121
4913
3977
5544
4996
5103
5304
4957
4043
4193
4764
4783
4748
5347
5642
5053
5296
4728
5793
4912
5776
5085
4312
5102
4173
3928
5675
3920
5610
4344
5532
5703
3994
3856
4964
4032
5744
5308
5645
5384
5437
5158
5004
5168
4056
5444
4521
4172
4986
5005
3994
4588
4435
4853
4884
4514
5055
4977
4464
5238
5485
3948
5003
4822
4476
4267
4748
4070
4619
5532
5391
4855
4216
4818
5868
5246
5159
3939
5885
5622
5500
5426
4681
4526
5771
4128
4005
4020
4047
4262
4137
4930
4013
4797
4611
3882
6001
4990
4367
5804
4787
5597
5023
5576
5549
4602
5319
6138
5969
4748
6588
4042
4934
4752
5357
5167
5117
5960
5265
4230
4888
4878
4140
5813
5001
4871
6063
5720
4072
5134
4665
4214
5833
3987
4253
5688
3956
3987
5579
5410
4581
5406
4300
4132
5122
4982
4195
5693
4497
4514
4170
4574
4164
5147
4639
4588
6500
5624
4455
4674
4837
5409
3940
4463
5114
5277
5133
4433
5239
4980
5070
5242
5118
3722
3646
4923
5222
5478
5489
5060
4769
4032
4338
4005
5698
5648
5986
5609
5716
5228
4221
3786
5555
4789
3956
5092
4808
5742
4992
4537
5809
6029
5989
5877
4975
5017
5047
4415
4676
4891
3927
5618
4416
5442
4181
5327
5674
3814
3592
4276
5076
3689
3886
4532
5648
5770
5214
5091
4208
4889
5813
5892
4041
4846
4438
4259
5251
5907
5925
4239
5241
5063
5478
5158
5471
5172
5672
4673
4292
5341
4322
4749
5556
4994
4684
4374
6875
5958
3871
5423
5776
5082
4072
5527
3598
5315
4139
4951
6023
5046
5897
4392
5300
4985
5722
5752
4150
5535
4848
5764
5656
4908
4889
4869
5488
5177
3878
4663
5607
4892
5433
4288
4060
4791
4562
4516
5643
4534
4371
5320
4320
5109
5321
5254
5086
5684
4055
5478
5513
5245
6173
5736
7067
4836
5010
4563
5470
4503
5577
4060
4062
4284
4088
5272
4440
4824
5961
5871
5722
4519
4582
4366
5947
5621
4409
3999
6053
4992
5622
5277
4104
4532
6260
5423
4998
5603
5910
4168
5663
4055
5625
5190
4308
5206
5721
5939
3934
4164
5642
4025
5532
5261
5042
4243
4583
5270
5805
5473
4879
5579
6658
4903
5245
5099
5035
5729
3995
5026
3958
4290
5389
5275
4444
4228
4465
3918
4025
5369
6382
4171
5565
4163
4588
4596
4298
6053
3939
3964
5166
5862
6228
5174
5787
5931
4750
4243
5669
4527
5040
5262
5260
5406
4368
5901
4922
5383
4695
5649
4369
3709
4464
4212
5091
4133
4520
5038
4830
5325
5791
5863
5560
4989
5492
5074
5872
4498
5866
3974
4217
4356
5790
3790
4007
5758
3884
4803
5505
4802
5350
5401
4520
4144
5371
4191
5808
4837
4786
5326
5398
4993
5004
4980
4092
4221
3829
4257
4890
4925
5264
5850
4841
3975
5009
4713
4459
4150
4556
5878
5083
4290
4402
4140
5535
3827
3716
4488
4181
4208
5252
5045
4005
4540
4194
5455
4346
5360
4449
5728
4453
3882
3955
3901
8118
4364
4475
3777
4154
5351
4944
3722
4976
5452
5313
5973
4191
3872
5343
5038
4950
4500
5326
4590
3832
5518
4141
5802
5574
5391
3764
5197
4401
3973
8093
5034
4969
5642
3546
4314
4288
5047
7241
5303
3950
4406
5790
4944
4106
5482
5924
5449
5754
4485
4874
4093
5159
4179
4309
5717
8110
5086
3729
5009
4948
5008
4931
5703
5209
4216
5064
5099
4264
4502
4118
5647
5952
4675
5020
5485
4485
5247
5660
4013
4250
6001
3923
4574
5372
5032
5340
5245
3782
5530
5657
4034
6075
3928
3928
4036
5080
4947
4824
3869
5372
4458
5363
5795
5017
6348
4306
4516
5731
5946
5677
3946
5545
4791
3783
5786
5629
4289
5327
3762
4159
4185
4038
4191
5301
3862
4641
6026
5185
4960
5794
3986
5673
4198
4849
4812
4417
4811
3772
5861
5643
3879
5146
5295
5806
3918
4900
4764
4321
3803
5706
5086
4794
5016
4045
3931
4286
4063
5552
5809
4819
5597
4167
4721
5911
5012
4740
4376
5096
6329
4671
4493
4665
5876
4488
4614
4831
3606
5565
5815
4576
5202
5633
8076
6162
4579
4288
5966
5566
4989
5744
3888
4365
3931
5643
5248
5418
4728
4510
6701
4071
3856
5682
4186
4407
4781
5759
3778
4366
5137
5355
4402
4109
4636
5572
4470
4660
4179
5380
4158
4984
5383
4810
5691
4276
4333
5636
4074
4491
4298
3943
4349
4003
4931
4826
5896
5408
5472
4072
5844
4179
4663
5897
5807
5007
5091
4100
4146
4999
5649
4803
4138
4023
3965
4867
5221
5473
5201
4903
3909
5468
4861
4188
4171
3829
4226
5112
4965
4886
3766
4497
4884
3906
5724
4485
5009
5167
5608
5291
5184
3968
4484
4504
3938
5548
5963
5742
5223
5311
5264
5861
4015
4819
4791
4541
5736
4522
4820
4443
5663
5499
3671
5066
4118
5317
4012
4625
5636
4868
5107
5668
3932
6025
4224
4706
5889
5364
4970
4396
4032
4980
5001
5305
5782
5426
5855
5582
5061
5512
5505
5089
5681
5332
5781
5591
4344
5820
5409
5180
5873
3894
5916
5052
4185
4301
5523
4218
6117
5425
4366
5014
4375
3962
4025
4527
4919
5823
4410
5113
4391
5442
5825
5591
5403
5542
5034
4903
5343
4770
5688
4270
5382
8172
5111
4980
5474
5619
4819
5840
5507
4155
4237
5834
5791
5392
4942
5836
5717
5734
4479
5006
4767
5842
5775
6039
4733
5150
6208
4826
4952
5060
5568
5090
3596
5454
4686
5377
5855
7558
4619
4569
5366
5694
5187
4088
4305
4673
5867
5563
4979
3825
4935
5673
4610
6592
5614
4942
5321
4951
5187
4731
5115
5548
3956
4532
4748
3923
4938
5875
4402
3916
5283
5467
4662
4354
4368
5580
4250
4775
4432
5430
4979
5657
5812
4239
4153
5368
4242
5817
5177
3809
4036
3922
5674
4901
4954
4386
4041
3736
6630
5531
4935
4065
5623
5237
4973
4273
5292
3813
5839
5951
4823
4566
5547
5348
4787
4390
5552
3823
4988
5941
5167
5725
5139
5908
5574
5591
5782
4929
5678
4035
5581
5037
5772
4626
5557
4796
5963
5682
5832
5021
5715
5065
5542
8085
4983
3558
4162
5461
4910
5556
4456
4172
3752
5774
5065
4721
5441
4882
4304
4776
3897
4803
5699
4821
5281
4563
3944
4334
4590
4164
4432
5595
5566
4934
3831
4419
6552
5643
4824
5566
5232
4965
5721
4043
4203
5125
4083
5731
4654
5422
4637
5397
5513
4139
4567
4229
4490
4082
4885
4198
4386
5961
4321
4001
4789
4398
5710
5337
4776
4645
4234
4502
5429
4113
4618
4701
4597
3800
4969
5192
4162
4975
4888
5143
4427
3991
5565
4462
5865
5020
4043
4403
5596
5192
5378
4053
5049
5510
6569
5905
4235
5543
5766
4490
4496
5035
4893
4927
5302
5058
5665
5552
5813
5847
5064
5042
6109
3825
5727
3898
5850
4493
4704
6277
5883
5220
5441
5160
4241
3658
4943
4877
4558
4033
5138
3868
5186
4727
4523
4539
4753
5455
3913
3852
5443
4349
4864
4273
4907
5344
5531
4699
4581
5574
6308
5548
5907
4407
5026
4148
5171
4221
5096
3860
3832
4837
5572
3774
4229
3995
4712
5611
4481
4411
5009
4574
5113
3655
4165
4825
4412
4651
5503
4781
5674
5116
3876
5116
5819
5006
4332
4321
4829
3872
3671
4176
4065
3869
5480
4866
5063
3553
5550
6663
5835
3984
3860
4629
4714
5269
4388
5031
5109
5160
4718
4145
4312
5579
4003
8092
3907
4860
3756
5152
5768
5458
3974
4358
5457
5649
4723
3669
5310
4425
4591
5736
5494
5314
4672
8175
4569
3884
5093
4271
4811
6006
5994
4713
5620
4253
5271
5254
5098
5485
5474
4596
6031
4298
5085
5526
5450
4746
4569
4362
5495
4933
4601
4511
4642
3931
4617
5926
4586
3892
4275
5051
5305
4031
5345
5373
5129
5385
5414
3831
5133
5173
4580
3507
5036
4694
5216
3696
3857
3984
4966
4613
4155
5507
5872
5261
5390
4977
4724
4866
4142
5414
4827
3789
5585
5430
5017
5752
5831
4258
5761
5476
3745
5938
5107
3933
5727
4192
4805
4042
4895
5741
4694
4525
5807
4434
5001
4880
3870
4607
5986
5128
5882
4785
5724
4992
4364
5144
4299
4764
4195
5266
4411
5002
5899
4918
5414
4641
4544
3890
10
5957
5112
4112
4389
4214
5284
5722
5333
5590
4087
5655
4329
4819
4390
5918
4710
5531
4495
4759
4853
4436
4450
5451
4182
5819
3951
5529
5027
4072
4703
4197
5824
3803
4789
4453
5626
5345
3828
4568
4275
4385
4701
3981
4476
5272
5371
5199
5749
4635
3681
5280
4129
4432
4688
4743
4144
5877
5730
4095
4916
4651
3823
5575
5675
3736
5027
5413
3749
6124
5235
4320
4055
8097
3822
5000
4447
5346
5374
5043
5179
4991
4991
4859
5036
4346
4139
5908
4776
4912
4247
4764
5612
4190
5104
5331
5634
5111
5488
4916
5531
4447
4284
4748
4044
4720
5371
5395
5733
5671
4540
4494
4954
4951
4105
4528
4417
4266
3913
4239
5632
3989
5529
3915
3856
5386
5832
5088
4606
4621
5162
4090
4506
5503
5923
5578
4634
3787
4962
5217
5611
5485
5098
4809
4098
3931
4996
4263
4917
5373
5678
5713
4970
5020
5539
5605
3994
5748
5554
6269
4981
4920
5826
4658
4565
4352
4854
5850
5580
5433
5317
5288
5734
5064
4789
4307
6454
5497
5787
4879
3898
4530
4429
4415
5085
4538
5645
4769
4484
5442
4866
4436
4412
5246
4049
5038
5613
4877
4777
5888
4818
4440
5700
4948
3720
3758
5484
4372
4605
5852
4303
4215
5074
8102
4160
4498
5239
5484
4836
5527
4782
5012
5775
5969
5055
5285
5140
4309
5651
6203
5889
5915
4677
5956
3830
4494
5700
4918
4597
5486
3735
5785
5038
5414
5556
4101
4804
8075
4322
5702
5154
6531
4766
4975
5900
5213
5650
4996
5643
8189
5489
4626
4399
5446
4571
5402
4205
4257
5076
4999
4990
5659
4780
5425
5048
3858
4894
6848
5432
5304
4701
4958
5330
5468
5011
4771
5070
4946
4373
5509
4326
5909
5115
4925
4367
5404
5642
5245
4026
5114
4634
4848
5786
3717
4482
4578
4969
4516
5331
8181
4532
4748
4850
5669
4315
4990
6678
4294
5747
5431
3638
5299
4533
4122
5272
4990
4548
4972
3966
4168
5455
4842
4798
4583
4537
5923
3790
5046
4799
4831
4077
5302
5663
4847
5120
6635
4860
4505
5690
4454
5271
5371
4833
4917
4964
4156
4426
4042
5106
5182
5138
4027
5170
5242
4276
3865
4385
5520
5229
5778
4902
5416
3637
5408
5993
5240
4337
4820
5131
5098
4708
4093
4020
5257
5809
5023
3826
5872
4089
3765
3854
4831
4986
5462
3790
3822
6371
3729
3951
5169
3763
3833
4893
5874
4448
4685
5466
4359
4827
5848
6289
4640
4621
5896
4934
5038
4803
4481
6015
5876
5943
5761
5304
4633
4931
5149
4487
5549
3757
5939
5681
5486
3597
5246
5086
5488
5500
5003
5234
4564
5771
5808
4255
5820
4568
4874
5230
5338
5700
5306
4676
4217
5424
5248
4042
4924
4551
3931
4333
4392
5789
5041
4351
4236
5114
5877
3685
4503
4324
3899
3997
5634
4318
4272
5593
4443
5619
3852
5669
5968
5561
4923
5063
5330
4197
4447
5047
4277
5736
5138
5460
4670
5549
4477
4156
6004
5838
5299
5850
4898
4119
4270
4003
3769
5572
6483
5222
4884
3998
5582
5655
5817
4570
3923
5286
4562
4560
4612
3982
5248
3672
4069
4117
8075
3878
6034
4132
4753
5559
5799
3435
4179
4770
4958
4183
4186
3881
4713
4183
4869
5000
4887
5283
3955
4405
4881
5707
5031
5568
3788
5567
5594
3646
5112
5156
4087
4544
4994
4376
5727
4094
5549
4871
5550
4683
5350
6660
4662
5106
4751
4830
4640
4702
4586
4933
5286
4948
3565
4152
4244
3810
5281
5520
5602
3983
8090
4784
4829
4954
4886
5220
5350
3860
4013
4170
6310
5058
4749
4420
4927
4421
5994
4296
4046
5160
4153
4652
3891
3970
5655
5481
4027
4803
5354
4630
5848
5514
4446
4441
5591
5535
4244
5092
4905
4827
4017
4996
3544
3894
4430
4054
5741
4556
4874
3591
5964
4061
4481
5241
3994
5068
4656
4949
4945
5205
4692
4236
5511
5130
5542
4676
4347
4753
5215
8170
3879
5796
4927
5623
4070
3924
5598
4768
4193
5294
3953
5803
4634
6258
5113
5525
4088
6250
5834
3892
4746
4512
4156
5057
4195
5585
4215
5544
3939
4792
4520
4519
5776
5222
5025
4694
5919
4326
4782
6150
5554
4022
4968
4074
5734
4293
5750
4784
5959
4090
5126
4630
4323
5266
5162
4128
4274
5230
5582
6171
4196
5994
4855
5267
4769
5641
5269
4371
5424
4130
4821
4520
5744
4417
5531
4998
5782
3963
4599
6304
4033
5791
5575
5586
5090
4304
5909
5257
5879
3782
5000
4875
5096
5090
5722
5144
4205
5861
4345
5591
5630
4525
4495
5423
4951
5361
4431
5563
5889
5201
4196
4133
4473
4321
4359
4917
4361
4677
5195
4825
5699
5381
6057
4007
5209
5476
4347
5280
4896
5399
5061
3740
4412
5277
5492
3988
5612
4299
4224
5230
5030
3727
4481
4310
4087
3500
5298
5241
5479
4671
5445
4321
5190
5074
4446
4729
3954
6379
5576
6012
5708
5515
5723
6145
5906
4385
4244
4416
5378
4684
5803
4572
4398
4159
3904
5583
3833
4764
4538
4259
5895
5981
4344
3946
4148
4894
4441
4506
4330
4186
5711
4764
5141
3904
4662
5344
5304
3818
4664
5120
4421
5347
4487
3981
3817
5313
4419
5132
5466
4530
4834
4311
5446
4435
4714
3861
5766
4839
4064
4894
4833
5628
6136
4697
5058
4547
4010
4946
4222
5036
4984
4356
4122
5447
5929
4994
5317
5865
4565
6188
5744
6100
5287
5534
4561
4019
4264
5068
5514
3703
4884
5042
4907
4707
4137
3845
4611
4962
4354
5657
4380
4007
3897
4567
3934
5199
4562
5465
5406
4289
5790
5157
5166
4283
4738
5358
5651
4151
5675
5581
4606
5373
5660
5554
4785
7862
3989
4485
5299
5769
5681
4981
4542
5858
5850
5973
5888
5226
7888
5568
5154
4304
5166
4106
5106
4568
4410
4694
5391
5586
3881
4030
3761
5860
4757
3920
3765
5568
4913
5596
5657
5774
5155
5421
5476
4288
4290
4896
5498
4662
5465
3811
6273
4872
5403
3875
4126
6071
5534
4243
5198
6084
4920
4674
4593
5947
4143
5088
5397
7940
3844
4358
5126
5141
3771
4765
4405
4394
5183
5703
4724
5875
3897
5199
5213
4144
3887
5611
3769
5635
4371
5217
3871
4291
4238
5270
5560
5002
6542
5906
5283
5471
5296
4075
5912
4678
4631
4919
5693
5134
5444
4822
4979
5297
4160
5462
5870
3929
4663
4288
3731
5192
5125
4967
5024
3601
4739
5665
5717
5131
5128
4125
4303
4598
4042
5225
5797
5179
4158
4941
4597
4809
4796
5654
4166
4960
5386
4172
4603
4405
5281
5196
3973
4230
4727
6742
3946
5647
5877
4846
4921
4497
4869
4823
3673
4907
4229
5656
4373
4754
4634
5992
4310
4514
3980
5076
5459
5709
4009
4754
5969
5124
5119
3865
5041
5546
4521
4721
5689
4765
4555
5592
5446
5386
4897
5023
4079
3910
5620
4471
5951
4952
5284
4445
5302
4216
4945
4876
4130
5870
5235
3690
4046
4845
4142
4975
6208
4005
5452
5345
5466
4538
5607
5537
5865
6005
4834
5629
5339
4144
4778
5893
3909
4642
4641
8150
5441
4150
5518
4408
4100
5766
4184
4436
4153
4346
5348
4184
5520
6034
5183
4742
4847
3795
4192
3737
4240
5878
5258
5328
4371
4248
5711
5652
5119
5238
5100
5291
5461
5820
3872
4980
5553
5302
4325
4597
4971
6202
5061
4085
4890
5377
4190
4723
5170
5239
5047
5018
4699
5083
8079
3777
4602
5209
5357
5436
5851
4628
5033
4504
4963
5415
5492
4638
3553
3720
5303
5643
5515
5527
3932
5916
4129
3637
5437
4132
4317
4586
5325
5027
4952
5816
6000
5284
4129
5448
4924
4552
4057
3469
4793
5777
5475
5826
5225
3776
4256
4643
5940
5048
4172
4027
4503
5342
3872
5906
5579
4387
5023
5800
3724
4240
5550
4498
4191
4587
4956
3624
3765
4963
4909
5266
4710
4960
5625
5764
4916
4195
6631
3911
4878
5591
4777
3760
5316
5225
4890
5439
4045
4856
5371
6022
5241
4129
5643
4191
5157
5533
5059
4337
6893
5011
4610
5549
5589
4724
5248
5338
5392
5156
5011
5494
3816
3939
4637
5534
3987
5038
4402
4409
4839
4412
4048
5422
4449
5217
4615
4581
6367
4483
5536
6112
3765
4153
5739
4249
5629
4289
5575
5416
5335
4240
4043
5019
3896
5378
5220
5435
4241
5639
5649
4490
4955
4433
3784
5388
4811
4858
5854
4070
5036
5078
5205
5412
3939
5005
5507
5702
3641
3819
5368
4572
5022
4277
5441
5472
4323
5605
4990
4215
5951
5454
5637
4807
4222
3932
4839
4036
3977
5208
4940
4923
5301
3963
5282
5561
4408
4994
4629
5365
4352
5636
5007
4411
5136
4377
4363
3572
6393
4947
4011
4607
3908
5343
3608
5338
5596
5572
5604
4570
5755
5070
4972
3601
4518
5005
5580
4841
5762
4574
4298
4664
5746
5220
4235
4136
5407
5619
5804
4190
5348
4096
5547
5147
4449
4684
5057
4900
4128
5179
4983
4614
5621
5035
5534
5217
4230
5738
4764
4765
5590
5652
4231
4903
5197
5571
4207
5550
4839
4428
3772
3819
3816
5110
5599
4945
5152
5478
5323
4188
3877
5353
4681
5317
4727
5786
6483
4175
5648
5210
4727
6099
5406
5603
4647
5516
5652
4882
5114
5166
4751
5494
6076
5175
5208
5609
5456
4294
4224
5051
4518
4831
4589
4831
4587
5893
5320
5560
4331
5560
4764
5508
5058
5484
4217
3802
4054
4216
5550
4912
4020
3927
4109
6066
3929
5163
4188
4614
5440
4078
5470
5255
6099
4561
4788
5680
5090
4916
5585
4307
4223
3797
5130
3894
5501
4217
5519
5202
4851
5452
4272
5905
3973
4655
5372
5796
3921
3696
5762
4767
5630
5335
4713
5678
4508
4751
5393
5237
4811
4807
3914
4006
4243
4563
5404
3971
4170
5931
5426
5148
4897
4158
4224
4842
4982
5508
5517
4167
5700
5325
4471
4604
5004
5923
5383
5982
4437
3303
4196
4161
5071
3966
4047
4515
4021
4917
5573
5572
5364
4660
5710
4230
5013
4806
5391
4365
4653
4294
4097
4389
4725
5199
3986
5751
4996
5968
5059
5780
5878
5425
6688
4074
4500
5781
5807
5274
4473
5506
4994
8170
5437
4079
3890
4125
5155
5559
4787
5031
4159
4772
4146
5540
5078
5588
3949
4289
4910
4227
4101
4027
5869
4793
5568
3844
4575
5132
4247
4283
5165
4566
5727
6067
3730
4614
4948
5858
5368
4265
4238
5697
4067
5569
5336
5816
5515
5894
4810
5199
5277
5020
3909
5578
5505
4361
4456
5197
5257
5954
5114
3811
3881
5427
5064
4513
4149
5706
4385
4176
5116
5043
4686
5067
3830
4861
5070
5405
4167
5285
5830
6223
3852
5970
4631
5350
4092
5443
4531
5170
5729
4763
5418
5797
4160
5011
4532
4006
5373
4858
6411
4885
5137
5874
5414
5599
4593
4109
6457
3893
4663
5488
4913
3728
5963
4071
5800
5685
3994
5293
4716
5819
4578
5657
4992
4426
5540
5004
5867
4330
4143
5788
4927
5632
5543
4972
5769
4415
5510
5304
4162
5107
4886
5130
5438
3738
4146
4676
5383
5145
4927
5187
4688
3989
4279
4867
3949
5353
5331
3671
3939
5512
5958
4957
4862
4651
5702
5979
4888
4641
5158
5969
4958
5853
4925
5433
4817
4878
5857
5713
4748
4073
6568
5233
5240
3756
4899
4442
5306
4704
4275
4167
4302
4531
6883
4610
4694
5549
5621
4412
4651
5567
4848
4109
6080
4736
4820
4461
4928
4618
5790
4247
5829
5042
8183
4834
6123
3784
3519
5514
4657
5320
5776
6072
4126
5210
4374
5213
4824
4900
3867
4358
4509
5327
4099
5093
5157
4206
5037
4106
5428
5370
3697
5969
4204
4078
5432
5428
5169
5805
5361
4589
5976
4244
5769
4417
5429
4335
4240
5941
5455
4009
4575
5534
4835
5905
4690
5402
4057
3394
5812
4349
4676
5671
4480
8087
5696
4515
5201
4704
4654
5104
4171
5671
4983
3636
4751
4456
5620
4982
4077
5324
5468
4499
4864
4115
4049
4223
5345
5233
3701
4266
4826
5766
5168
6045
5828
5064
4091
4290
4966
5628
5506
5342
4283
4788
3943
3980
4098
5869
4968
5275
4845
5516
5193
4881
5581
3907
4532
4639
4056
5072
5646
4279
3700
4098
5660
4498
3784
5300
4507
5237
4152
4734
3808
4499
5776
5042
5164
4796
4851
4478
4944
4152
4842
5276
4325
5085
5214
4820
3992
6635
3921
4687
4344
5856
5994
6045
4142
4673
4413
5330
3805
6045
5827
4827
5837
4404
4030
4326
3728
5893
4439
5266
5168
4774
4194
5430
5049
4493
4986
4445
5244
5713
4206
4251
4632
5381
4727
5712
5351
5288
4131
4111
5460
4085
5530
4732
4408
4066
5683
4704
4251
4502
4494
4161
4076
4015
4616
4502
3927
5462
5262
4287
5407
3797
5430
5633
5240
4623
3811
4659
5270
5606
5493
5402
3948
6521
5873
3691
4609
5183
4929
5626
5845
6052
5575
5059
5896
4428
4539
5555
4066
4554
4193
5246
5765
4273
4779
5533
4887
3885
3863
5667
5768
4231
4237
4961
5838
5709
5655
4095
5555
3779
5014
5480
5375
6184
5892
5086
4767
5779
6052
5243
4888
4158
4940
4278
4981
5151
5486
5695
5825
4153
4721
4982
4908
5575
4753
6683
4472
4972
5465
5198
5144
4353
5066
5556
5500
5652
5103
5586
5027
4958
4495
4113
3902
5212
5135
5132
5443
7263
4999
5004
4659
5308
4124
5205
4475
3780
4862
6234
4403
4664
3999
4920
5682
5341
4672
4704
6130
3817
5223
4748
4393
5072
4306
7637
5410
4768
6770
6336
5180
4427
5756
5410
4627
4201
3769
4779
4593
6030
5729
4977
4832
5537
5643
5702
5653
4596
4450
8135
4061
4463
4448
4075
4966
4727
5813
5679
5801
6079
4351
4184
5221
3812
3654
5325
5349
3786
4393
5611
4500
4772
5462
4147
4808
4582
3785
4416
4226
5360
4997
4641
5613
8090
5082
5491
3806
4117
4812
5474
4612
5862
5079
4122
5102
5823
4095
6018
4695
5224
3907
3749
5742
5290
5925
3748
5170
5034
5470
5704
4974
4443
4522
5314
4558
5662
5522
5853
4378
3843
4135
5746
5374
4045
5074
4140
5512
6039
6105
5278
6300
4571
4828
5548
5076
4850
3785
4712
4630
4202
3955
4482
4154
5260
4997
5863
5550
5095
4351
5434
5103
4579
4763
5113
5123
5690
3931
4747
5313
4663
4009
5211
4275
5698
5529
5849
5459
5268
4225
3947
5640
5997
5687
6142
4719
5638
5709
5499
4429
5756
4478
5645
5941
5753
5603
4295
5082
5811
4207
5074
5500
5051
4772
4288
5501
5725
5762
4532
4163
4458
5264
3937
5340
5664
5792
8123
4296
5048
3925
5639
4986
4277
4239
5977
4808
5395
4478
4834
4729
6026
4925
4713
3861
4426
5045
4430
4275
5528
5427
4200
5511
4627
5842
4940
5254
4455
5142
3960
4864
5058
4798
5766
3608
5365
5585
4500
4805
4968
4899
4203
5544
5496
5051
5543
4895
5877
4966
3729
3843
5806
4456
8134
5323
5421
5713
4570
3826
4402
5471
5191
5825
4484
3852
5020
4936
4371
5199
5166
4078
4188
4108
5709
4754
3937
5681
5493
4174
4764
5065
5169
4237
3798
5703
5546
5863
5008
4776
4801
6000
4159
4578
4150
3893
5780
5412
5120
4778
4494
4197
4905
3927
5307
5483
4860
4420
3592
4111
4165
5672
4362
3896
4868
4729
5180
4863
5301
4542
4228
5539
4827
6516
5035
3897
5565
4602
6037
4133
5369
4483
5108
4837
5116
5477
4069
3898
5194
4685
5443
4953
4883
4231
5469
5528
4567
5019
4260
5784
5194
5427
3676
5753
4825
5840
4949
4779
4248
5664
4923
4980
4267
3513
4301
4839
5491
4364
4484
5854
5429
4134
4835
4146
5596
4955
4732
4841
3957
4030
5336
5459
5463
5869
4962
4648
4050
4916
6693
5785
4637
4479
5568
5639
4683
4514
4895
3845
4978
5112
3586
5483
5578
4755
5758
5847
5212
4265
4063
6377
5234
3879
4309
4302
4914
4180
5901
5807
5907
3775
4473
5943
4472
4411
3918
5464
4534
3939
5516
5214
5634
4979
5568
4506
5727
3916
4231
4815
5470
5616
4556
4178
5913
4762
3698
5508
4880
5068
3679
5491
3887
7860
3982
5891
5798
4574
3797
5193
5160
5657
5781
5426
5427
5050
4076
5751
5109
4736
3929
4004
4364
5611
5200
5856
4862
5777
4050
4602
4353
5302
5064
5851
3952
5004
5050
5377
3989
4852
5651
5031
5236
5446
4656
4581
4959
4996
5838
5088
6521
4768
3933
5396
4414
4329
5258
4253
5697
5551
4895
5542
4664
4805
4373
8142
5063
5207
8160
6097
4861
3779
5403
5946
3918
4064
4669
4423
4828
4016
5230
4672
5874
5035
5427
5137
6158
4541
4402
5078
5107
4685
4989
3935
5182
5042
5537
4283
4526
5741
6026
4757
4618
4334
4226
4552
4340
3870
5713
4005
3588
4683
5697
3798
5322
4005
5855
5258
5573
5672
4996
5567
4577
5710
3847
5113
5362
4017
4393
4588
5510
4567
4726
5385
3918
5954
4967
4422
3989
5596
4993
4500
4602
4658
5423
5879
4411
5570
4392
5930
4339
4961
4269
4995
3639
4936
5130
4520
4745
5489
4058
4878
4988
5597
4302
5058
3832
3848
6071
4147
5285
5656
3976
4432
4925
5471
5529
4951
4029
5374
6740
5145
5630
4286
4070
4911
3895
5569
5735
5502
5740
4200
3809
4595
5547
5481
4261
5736
4212
3773
4862
4487
5739
5498
4494
5431
4926
4112
5944
5560
5481
4652
5314
4039
4834
5650
5689
5663
5064
4343
3671
5322
4815
4471
5280
4551
5039
5171
6427
4891
5541
5605
8184
5109
5475
4961
4130
5108
5656
3760
5608
4992
4498
4248
5182
5611
3801
4528
5452
8146
5272
4958
5993
5250
5581
4956
5169
4277
5117
5062
3974
6453
5779
4791
5558
4983
5752
4592
3895
4093
5696
3746
4935
4669
4988
4745
5223
5299
3977
5275
5916
5410
6641
3875
4120
5312
4519
4735
4110
5754
4185
5148
4913
4551
5579
5928
4093
5504
4192
5064
4374
4958
4705
4237
4458
5012
3959
4513
3868
5726
4166
3559
5628
4003
5033
5590
4768
5448
5561
5329
5737
3953
4694
5121
5315
5602
5690
5287
5656
3634
4942
3973
5488
5568
3796
5598
4207
4394
4668
3865
4217
5313
6769
4191
5671
4951
4637
5595
5811
3841
6648
4992
5356
5678
5556
4309
4904
4072
5496
5483
4302
4781
4370
4558
5643
4963
4890
5049
4216
4923
5130
5310
4331
5159
5985
5621
4712
5281
5028
5550
4413
3700
4742
5221
4986
4326
4322
5370
5374
4804
5160
4036
4337
4462
5582
4113
4398
5537
5342
4864
4086
4479
4135
6264
5247
4850
5761
3933
4381
5436
4111
5632
4694
5748
5078
5659
5136
4347
4668
5792
4080
5959
5545
4839
4545
5040
4032
5745
5195
4540
4197
6028
5728
5560
4616
5405
6444
3926
3927
5388
5071
5618
5078
4942
8113
4466
4706
3559
4484
5342
3920
4415
5031
5382
5162
4949
5362
4627
4839
4725
4979
4113
5382
5735
5876
3901
4574
4595
4340
3846
5893
4091
4764
4350
5730
4914
4613
4612
4464
4230
5712
3987
4651
5161
4419
3974
5344
5785
5825
5688
5649
4485
5138
4215
4496
5053
5479
4474
8103
6021
5080
3700
5802
4644
5052
4826
4525
4543
4960
5818
4746
3626
3927
5611
4813
5031
4090
4781
5916
5695
5182
5884
5742
5331
5266
5633
3840
4066
3831
4833
5635
6286
4236
4531
5519
4691
5205
4413
4637
4282
4211
4844
5302
5536
4573
3731
3934
5453
4688
4177
4772
4500
5462
5376
4999
5580
4576
3702
4530
4469
4346
5731
5075
5779
5133
4120
4674
5211
4140
5592
5546
4207
5197
5586
5396
4990
4895
4704
4615
4908
4247
5103
4568
5332
5674
5685
5088
5026
4730
4877
5204
6055
4315
5020
4863
5083
4273
4828
4047
4443
4829
4179
4162
4825
5756
4660
3426
5940
5276
3994
4138
3770
5618
4233
5332
5669
4885
4607
5000
5271
6074
4487
4476
5121
4372
4670
4393
5204
5753
4279
4496
5575
6194
4197
5341
5126
5271
5475
4225
4624
5332
5067
5747
4884
5318
5772
5599
3595
3901
4414
4513
4153
7311
4646
5357
5245
5425
3562
5675
5342
3993
5061
4310
4192
4444
5115
5218
5278
4514
5075
4518
4457
5562
5021
3723
5258
4982
3599
4117
4655
5937
5308
4116
4447
5695
5664
5542
3708
4538
5138
5096
5257
5681
5252
5505
4356
5361
3868
3611
4101
8172
3666
4251
5369
4084
5513
4609
5243
4104
4108
4593
5697
4064
4505
5701
5469
3684
4955
5746
4046
4383
4864
4642
4208
5939
5995
5086
4501
5116
3897
5057
5051
5043
4898
4188
5419
4229
5188
4808
4538
4149
4862
4301
5563
4402
6015
5644
4097
6044
8086
3883
4036
5045
4957
4422
4695
5096
4323
4926
4540
5545
4288
4059
4866
5580
4809
4472
4544
5316
4700
4930
5406
6586
5368
4568
3899
5544
5999
5012
5685
4486
4603
5375
5210
4742
5236
3804
4771
3867
4225
4926
4396
3913
5583
5810
4081
3554
5504
6395
4179
4898
4478
8107
4136
3941
4600
5952
5061
5387
5131
4792
3553
5426
5089
8171
3921
5598
4504
5535
5801
5991
4868
5787
4400
4030
3837
5584
3813
5200
4366
4247
5269
5028
5603
5406
5335
4377
3778
4112
5012
5787
4833
5250
4246
5894
5150
4766
4254
5572
3574
5172
5875
4223
5284
4158
4969
5188
4497
5480
3783
5243
4564
4982
4801
5693
3941
4184
3837
4536
4226
5192
6452
4413
4953
4334
5372
4732
3946
4460
4188
3879
4350
5729
5404
4019
4140
4042
5531
4392
4961
6139
4779
5234
3919
5189
5643
4099
5877
4121
3938
5774
5595
5562
5410
3821
5479
5125
4647
5312
3924
4321
4811
5125
8088
6058
5262
5091
4711
5371
3852
4845
3973
5019
4587
4242
4815
5407
5292
5257
5217
4141
4094
5642
5566
5892
5199
4352
5048
6323
3821
5600
4563
4563
5040
4089
5153
8120
5462
4197
5514
3879
5465
5261
4312
4313
4471
5487
4731
6207
8154
5236
5805
4213
4937
4053
5769
4977
5584
4505
4950
5706
4153
3807
6599
4784
5921
5794
4096
4236
5398
4530
4171
5483
3986
4302
4383
4796
4463
5421
3924
5326
4477
5454
4664
5934
5687
5505
5402
4659
4378
3809
5249
5689
4362
4066
4356
4330
4845
5877
8128
4136
5505
4490
5589
4856
5134
4842
5334
5024
4056
5897
6449
5672
5560
6022
5226
4407
4648
5635
6024
6342
5450
4302
4257
3874
4667
4435
5637
5273
5692
3847
4335
5903
5122
4814
5484
4307
4429
4881
4537
4945
5259
5345
4512
5125
5845
5575
5496
3905
5121
5577
5191
3900
4750
4133
4753
5469
4779
4368
4234
5144
5591
5796
5000
4400
4912
4584
5677
5474
4016
6299
4782
5704
4039
4310
5429
4601
5325
4184
4863
4251
4549
5027
5429
5292
4055
4134
4673
5245
5822
5165
5453
4078
5564
4955
5799
4028
4410
4963
3827
3945
4048
5071
4083
4698
5327
4546
4008
4770
5578
5745
5564
3940
6020
4089
4520
3972
4296
4898
4137
5592
5005
4521
5279
5275
4165
3597
3971
4170
5415
4104
4163
3951
4053
4157
4655
3823
5875
4030
5705
6242
5526
5191
4566
5204
5103
6035
3763
4273
4670
4107
4827
5107
5001
5509
4332
4001
5420
5426
4430
4169
5487
4887
4016
3776
5854
5491
4916
4004
8189
4271
5033
4438
4713
5123
5058
5563
4160
5154
4970
4488
4664
5036
5058
5710
4339
4261
3865
5316
4224
6814
4445
4148
5485
4681
5996
3937
5720
4510
6482
4959
5321
5121
5177
5926
5561
5573
4174
4945
5531
4153
3972
4932
5581
5195
4734
4176
5810
4405
4409
5098
5472
4095
4063
4800
4725
5043
5178
4627
5835
5049
4042
5491
4839
4876
4615
4992
4196
4810
4251
5163
5225
5293
6493
3868
4202
4981
5107
5351
4956
5276
5884
5310
3948
5338
4355
3656
4470
4074
4753
6094
4468
6024
3972
3746
5455
4329
5120
4147
5940
4661
4190
3940
5828
3944
5865
4277
5766
5753
5582
4851
5587
5291
5533
4098
4469
5647
4201
5888
3844
4113
5727
8166
5032
5541
5181
4687
4528
5039
4672
4242
4347
4799
4585
4538
5543
4222
4006
5901
4356
5633
4254
5153
4783
5216
5459
4878
4791
4200
5653
4850
5673
4632
4078
4893
3760
5061
5941
4906
4525
3626
5898
5588
4905
5054
5577
4815
4805
4796
5862
5116
5486
5117
5617
5178
5634
5539
3980
5018
5993
4451
5784
4993
4884
4924
5743
4802
5089
3895
4409
4354
4632
5819
4657
4047
4016
4455
5101
4962
4511
5148
4537
5714
5293
4895
3869
3566
4472
4282
4915
5103
5650
5724
4183
4450
6086
3927
4098
4779
5014
3774
4182
5635
5844
5522
3793
4533
4570
4327
5735
5260
4543
4729
4168
4642
5437
5146
4674
3278
5459
5198
4843
5168
5671
4726
4055
4566
5690
4804
5565
4591
4197
4143
5521
5130
4363
6171
5805
5784
3942
3909
5827
3982
5321
4715
4227
4251
5819
5461
5985
4004
4768
5571
5132
4187
4759
4814
5103
5376
3823
4853
4170
4024
5670
4797
4286
4143
5457
4889
5005
5860
5351
6682
4230
4253
4072
5036
4585
5451
6031
3916
4061
3892
5666
5615
5961
5761
5515
5508
5105
4331
4369
5488
4826
4663
4936
3801
4444
5763
4442
5221
5341
5423
5035
5566
3915
5726
4817
4962
4291
3868
3897
5386
4113
5747
4975
5662
4039
5360
4764
5276
4916
5582
4595
3810
4036
5377
4004
4990
4894
4363
4901
4776
5068
4733
4641
4001
5443
5162
4926
4200
5293
4529
5220
5725
5647
4108
4015
5040
3891
4533
4980
3906
5891
4418
3752
5353
5032
4059
4137
4827
4976
4500
5796
5084
5782
4100
5233
5221
5216
4410
4754
4728
5662
5566
5688
4184
4457
3929
4255
5144
4935
4836
4999
5598
5705
4997
4469
4277
5568
4759
5538
4094
4605
5541
5273
4435
5969
5087
5854
5814
4949
5827
4990
5410
5458
5689
5609
5460
5448
5362
5604
5915
4584
3801
3992
5373
4614
5187
4878
5710
5354
5675
3911
5519
3947
6488
3891
4361
5687
4941
3626
4447
4850
5703
4100
4107
4315
4944
3816
5183
4846
3911
5490
5542
4932
5361
5217
5677
4539
5176
4969
5379
5668
3599
5688
4892
5008
5450
5137
4041
4051
4551
5706
4943
4816
4392
4456
4519
6353
4798
3961
5185
4447
5262
5338
5204
5576
4230
5394
5274
5686
3871
5819
4332
5934
5223
4552
4326
6083
5869
5311
4887
4746
4769
5784
5634
4513
5121
4179
4112
5213
4434
4121
5136
5014
5699
5645
5848
3551
5370
5835
5443
5253
5227
4936
4556
4873
3952
6013
4636
3718
5840
4478
4939
3779
3866
5504
5343
4390
4205
5198
4269
5754
5220
4408
4518
3964
5447
4730
5182
5477
4632
5100
5323
5096
5101
4485
4361
4596
5376
5186
4508
4114
4495
5933
5787
5235
4349
5470
4015
5460
4267
5475
5590
3977
5845
4380
4069
4018
5498
4830
4045
4486
3876
5908
6050
4116
3989
4135
5950
7530
5140
4228
3771
4974
5030
4066
4060
5794
4323
4410
5383
4129
5861
5228
5386
4791
5543
4003
5103
5431
4903
3840
4102
5032
4230
5840
4491
5113
3513
3936
5418
4724
4947
4351
5845
5463
5953
5729
5339
4229
5486
4600
4062
4697
3900
4741
5890
5829
4216
5990
5811
4045
4600
4920
5690
3963
5425
4059
5051
4678
5334
3935
5500
5845
5869
5624
5612
5344
4223
6147
4028
5426
4602
4068
4701
5239
5054
5656
5103
4152
5620
4646
4709
5473
5043
5310
5735
5102
6442
5872
5633
4806
5078
4314
4178
5244
4237
5010
5143
4986
4330
5636
5670
5586
5554
4581
3781
5207
4165
5333
5221
5343
4435
4988
4076
5322
4162
4981
5250
5955
4730
5129
4199
4118
5074
4883
4084
4940
5259
3953
4420
5469
5682
4071
4615
5033
5666
4386
4507
4113
4713
4998
7851
6593
5371
5260
5160
4096
5433
4029
4164
5785
5723
6010
4612
4628
5497
4158
5491
4195
4730
4563
5561
4232
4748
5713
4568
4908
4015
3852
5611
4142
4406
5840
4474
5287
3970
5444
4631
5899
4751
4689
4814
3684
5740
5648
5131
4978
5049
4622
4301
4972
4706
5726
4535
5413
4303
4950
4687
3817
4597
4160
5648
4672
5293
4162
4971
3927
5102
5995
4920
4863
5657
5506
4954
5753
4148
4878
5412
4729
4759
5115
4980
5245
5066
5998
4365
4479
5599
5155
3953
3885
5055
3929
5353
6043
5538
4611
5558
5832
5581
4130
4515
5422
5406
4444
5161
4100
4209
4401
4698
5975
5257
4168
4885
5805
4304
5633
4926
5193
5290
5829
8157
5525
4301
3702
5519
4560
6024
5464
5454
4431
4365
4483
5174
6702
4462
3469
4987
5463
4416
3978
4168
5033
3704
3989
5038
5609
5243
6218
3919
5569
4878
5490
4664
5683
4936
5618
5257
5011
4099
3782
5504
3818
5532
5006
4217
5049
4806
6083
4516
8106
4068
4927
3934
4896
5032
4764
5873
4098
4036
4405
5830
4961
5060
5797
4798
3880
4332
4805
5099
3792
5846
4942
5154
5076
5318
3939
5624
5384
5033
5134
5993
5060
4203
5518
4269
3929
5861
4255
4498
5240
4566
3954
3964
4123
4382
4883
5860
5605
5618
5117
4869
4795
5016
6325
5140
5911
5575
5042
5784
4882
5506
4313
5497
4137
4869
5120
4117
5166
4943
5039
4642
3883
4157
3946
4341
5813
5538
4654
4057
5886
5132
5835
5424
4793
8090
4874
4660
5404
5443
5572
3912
5154
5204
6282
5535
4389
5120
4067
5987
3876
5615
5467
5838
5618
4924
4262
4455
5789
4344
5078
5749
8177
4674
5165
4834
3956
4225
5749
3950
5433
5512
4307
5727
4953
5429
3968
5239
3898
5048
5595
4925
5083
6007
4150
5779
4223
4145
5576
5580
4981
4911
5768
5756
4222
5322
5578
5979
4473
5178
4505
5777
3971
5907
5110
4263
4633
4551
5837
4146
5052
4114
5217
4889
5453
3899
5861
4746
5895
3620
4977
5171
5396
4724
4318
5599
4801
3813
4397
3944
4689
5309
5916
3660
4465
4699
4909
5148
4630
6096
5589
6124
4446
3830
5525
5250
5861
4902
5276
4616
4577
5287
3508
4846
5183
4439
6624
5538
4329
4359
3817
4752
5137
4900
4733
3886
3762
5234
4146
4687
5470
3810
5812
3193
3773
5445
4410
4702
5021
4250
3767
4732
5061
4755
8168
4345
5650
4506
5602
5234
3948
4863
5723
4094
4760
5466
5277
4941
5140
5360
5542
5896
4583
4979
5641
4733
5004
5079
4728
4337
5612
4112
5575
4462
4919
4681
4175
4733
4269
5679
5253
4308
4047
5096
3955
4516
4792
4429
4508
5101
3884
4638
4913
5048
4946
4203
5214
4881
4215
5143
4018
5118
4074
5363
5929
3852
5516
4392
3832
5494
5465
3883
4962
5780
5572
5154
4366
5729
4182
5639
5404
5242
3683
5352
4945
5175
4215
6035
5156
5829
4241
4905
5834
5170
4646
4125
5036
4473
5497
3554
4908
5158
4714
4671
4691
5177
4399
5033
4854
5115
4376
5041
5738
4686
5312
5853
5342
5913
5205
4155
5717
6145
5724
5620
5610
5017
5552
4701
5912
4729
4700
4532
4101
6507
5044
5508
5544
6330
5846
3928
5511
4955
3973
5858
4760
4037
4281
5239
4905
5506
4799
4561
4237
4387
4326
4014
4059
5412
5179
4952
5599
5590
4097
4415
4186
4544
5752
6014
4126
4491
4345
4116
4771
4226
5883
4554
6034
3757
5319
5527
4569
4144
5328
3894
5647
5053
5504
3993
4117
4877
4825
4069
4019
5247
4963
5200
4671
4177
5030
3954
4119
4338
4065
5662
4041
4995
4444
5929
4289
4268
4430
4749
5357
3952
5448
4011
5705
4176
5623
3567
5386
5097
5048
4525
5637
4424
4554
4792
5724
6000
5463
4359
3830
5784
4630
5333
5293
5836
5045
5031
5166
4525
5524
3722
4353
5800
4569
4596
5614
5846
5478
5049
5617
4272
4931
5101
5198
4062
5263
5522
4986
4306
4768
5258
4203
5122
4624
5282
5645
6080
5531
4422
4563
5644
5993
5043
4512
4182
5136
4887
4417
5550
5047
5347
5606
4711
5706
4435
5297
6187
5140
4343
5484
4070
5721
5530
5732
5504
4258
5649
5061
5280
5075
7269
4209
4808
5418
5166
5633
5523
5511
4274
4694
5520
5056
5743
4497
5926
3998
5046
4481
3972
4978
5809
5443
5152
5622
4738
5738
4632
5175
4387
4946
3849
4848
8150
5864
6824
3803
3990
4312
6043
5160
5147
5699
5397
6126
6017
4771
5625
4211
4403
4435
4017
5277
5378
3748
5033
4057
4046
5432
4745
5677
4067
5004
5241
5231
5510
5635
4197
3923
4828
3944
4459
4514
5179
5090
5691
5064
4041
6200
4772
4853
4195
5819
5759
4397
4738
4033
5770
5018
4462
4928
4925
3866
5175
4540
5616
5782
5246
4362
5474
4877
3923
5406
4222
4320
4909
3869
5118
7471
5165
4822
3819
4050
5542
5842
3933
4490
5665
4843
5343
5191
5542
4240
3659
5284
4716
5763
5929
5689
3981
5065
4938
3804
3996
4181
4668
5108
4881
5199
5368
4724
5358
4048
5682
5018
3972
3779
5900
3870
4505
4471
4772
4201
4526
6109
4871
3832
5703
4713
4748
5383
4219
3924
5597
4751
4007
4505
5516
5005
4598
4483
3989
4980
4112
4414
5228
4855
5663
5293
5470
5562
4001
4003
4647
5771
5912
5220
3939
3911
5820
4516
4893
4584
3957
4169
5594
4183
3913
4223
5384
5684
5349
5413
4317
4673
4427
4178
5107
5114
5552
4506
4954
5040
5434
4143
4598
4826
4585
5534
5137
4142
4838
5889
5477
5648
4269
5530
4460
4517
4722
5448
5237
4628
5503
5595
4428
5038
4402
5647
5947
3887
4135
5251
3967
4632
4866
4361
5853
4409
5053
4674
4300
5370
4708
4576
5330
5397
4188
4344
4279
4820
4012
5085
5898
5163
4985
4508
4039
3903
4739
5673
5296
3479
5788
5151
5030
5910
5749
4251
4379
4101
4144
5325
4862
4002
3940
4168
4920
4413
4735
4407
4726
6200
4697
4720
4988
5454
4682
3850
4269
4671
4108
4396
4943
4779
4401
4112
4393
4655
4725
5610
4281
4944
4717
4485
4033
4679
3924
5681
4369
4928
5481
5071
4475
4072
5726
4767
3941
4141
4978
4519
4580
5003
4427
3359
5329
4817
3925
5487
4655
5664
4582
5352
3762
5082
4090
5751
5720
5841
5931
4060
5125
5551
4806
5580
3810
5482
5383
4289
5418
4563
5886
4808
4116
5133
5633
4641
5344
5566
5271
4902
5100
5321
5826
3987
5797
4012
4187
5777
4313
4959
5163
4737
3682
4258
4483
5040
3990
4238
5408
4168
3671
3910
4591
4068
5080
6141
5118
5441
3631
4485
3784
5889
5557
4912
4709
5759
4464
4669
5079
5672
5590
3832
4769
4902
8131
5509
5250
5052
5209
3759
5388
5433
4787
5321
4918
5242
4561
4756
5671
4945
5156
5570
5155
5365
6704
5493
5320
4766
4723
4458
4980
3747
4807
4866
5425
7194
3979
5487
5581
4865
4304
3938
4202
4169
4160
5841
5326
4473
5613
4599
6480
4143
3851
4809
4137
4609
5037
6002
5500
5668
4596
4565
4113
5648
6069
3827
5707
5419
4994
3752
5381
5756
4602
5144
5711
4972
4701
4901
5651
4429
5764
5912
6164
5892
4211
4911
5212
4464
4761
4060
4921
5667
5561
5844
4740
3939
5083
4264
5607
5460
4335
5339
4807
5204
4374
4378
5467
4967
3799
5736
4505
4847
4170
4583
3724
5077
5674
5277
3977
5854
5646
6251
4212
4749
5551
5625
4461
6045
5206
4348
3832
5225
4681
5474
5213
4198
5016
5285
5017
5558
4438
5526
4469
3901
5282
3970
4232
4624
4076
4736
5012
5092
4356
4273
5384
4224
5755
5826
5489
5558
5545
5032
3727
4262
5644
5301
5435
4188
4285
5052
4290
4875
4958
4288
4568
8164
4077
5100
3910
4753
5254
5502
4086
4870
4134
5771
4687
4978
5753
4883
5482
4615
3780
5458
4582
5432
5514
5307
4284
3873
5230
3680
4235
4031
5670
5871
5267
4118
5106
5033
4530
5619
4272
4757
4197
4937
4981
4610
4917
4662
5469
4940
4004
4063
4529
5965
5516
4322
5757
5037
4982
5407
4227
4027
6547
4553
4081
5794
5192
5699
4911
3762
4162
4128
5703
4291
4643
5368
6088
4813
5717
3893
3802
5532
4584
3960
5551
5477
5441
5473
4726
5523
5427
5079
4770
4889
5752
4401
4402
4629
4876
5186
3954
4915
5012
3900
4423
5148
4576
5137
4912
3910
4264
4474
4988
5404
4894
4718
5111
4157
5129
5209
4929
4834
5128
5699
5262
5175
3697
3921
4379
5812
4400
3903
5866
5523
5356
5364
5368
5571
4735
3874
4799
4515
4755
5517
5128
3926
5225
4926
4241
4703
4381
4534
4459
5806
4441
4599
4646
3689
5044
4326
4675
4796
4116
4259
5282
5108
5725
5001
4258
4985
6608
5062
5912
5451
4920
4450
3914
5717
4371
4090
4069
4754
4554
4089
4788
5270
5766
3731
6453
5269
5280
5042
4901
3851
6221
5568
5747
5567
4739
4515
3935
5877
3841
5886
5354
5025
5048
4974
5623
4038
4802
5624
4222
4289
5934
4941
5276
4279
4316
5764
5225
5139
4190
5981
5738
4000
5034
4748
4417
5566
4098
4032
6051
3722
6078
4994
4728
4017
3911
4917
3654
4386
4413
3565
4201
4400
4225
4064
4855
4314
3987
4666
5322
5066
3782
5261
4563
5793
3957
5670
4614
5618
4525
4179
4358
5392
5727
5824
3713
5249
5459
5421
4360
5014
4458
4340
5156
5122
4902
4949
4528
4959
4179
5673
5136
4736
4722
5756
5420
5685
3951
5623
8179
4310
4963
4397
5138
5222
5195
4091
8173
3890
4407
5281
5149
5057
5636
4242
4924
5222
3791
5523
5281
4002
6141
4159
4811
4473
4888
5592
5613
5722
5186
5091
5655
4972
3928
3616
5754
4675
5816
4919
5887
5560
4901
6483
3886
5418
5017
4926
4056
5310
5316
4483
5441
3817
5647
3822
5266
4726
4362
4364
5501
5539
5391
4278
5146
3742
5476
6276
4526
4973
3936
3615
4670
4749
4526
5564
5124
4215
4946
4879
3990
5681
4884
4493
4114
4651
4200
5736
4388
4158
5635
5757
5546
5395
5120
3805
5416
5772
4909
5228
4827
5197
5819
5552
4791
4557
3811
4734
5289
6076
4515
5787
4028
5580
3524
4173
5196
5027
5745
4991
5467
5193
4585
4935
5534
4970
4575
6000
8077
4054
4616
5562
5689
4239
6194
4791
3807
4112
4307
5898
3933
4388
4374
5512
5729
4009
4949
5319
4549
4682
4357
3846
5538
5916
3709
5615
4763
5930
4005
4971
5542
5337
5585
4139
5472
5580
5306
4149
4175
5512
5980
4147
4572
5357
4097
5073
5679
4632
4142
4154
3976
5683
5050
5685
3834
3870
5640
5788
5079
5701
4550
5761
4447
5372
5264
4037
6000
5330
5349
5631
6584
5622
3496
4638
4443
5084
4948
4873
5631
5478
5212
5685
4944
4489
5377
5590
5255
4642
3926
4974
4221
5515
5551
5753
3925
4636
4764
4961
5007
5867
4295
5505
5162
4907
5573
4986
5591
5359
4341
4267
5491
4097
5522
4323
5362
4408
4854
6208
5411
5934
5682
4929
5715
4745
5762
5853
4019
5110
3863
4867
5208
5413
5298
6538
4365
5065
5100
4242
4675
5099
5112
4010
4299
4947
4020
5311
4437
3972
4398
5336
4509
4531
5199
4066
3924
4724
4742
4259
5846
4955
5395
4023
5627
5791
5241
3889
5717
5673
3753
3508
3642
3934
3874
5220
5582
3896
5083
4611
5779
5505
5584
5647
5960
4580
4698
4801
3971
5463
5735
4182
4278
6141
5420
4734
4797
5019
3923
4443
5477
5704
5092
4850
6119
4273
4697
4447
5386
4591
5789
5129
4604
5457
5304
4735
5173
4805
4634
4611
5954
4476
5548
4494
4779
4405
5182
5788
5006
4474
5532
4254
5633
5592
5208
4276
3795
5661
4630
4157
5548
4431
5794
5217
4596
5663
4152
3996
4103
5687
4961
4086
4963
4719
4393
5783
4988
3972
5298
4536
5923
3981
4035
5552
5068
5160
5002
3805
5081
5014
5615
4653
5421
3918
3927
4066
5825
4597
4759
5469
5213
3908
5338
3976
4091
3570
5569
5323
3924
5734
6037
5635
5862
5639
3900
4283
5158
4578
4118
4568
5609
4159
4535
5705
5128
5292
4224
5081
5602
4191
4312
4890
4211
5345
5253
4058
5188
5248
6048
6005
4775
5360
4250
5217
4834
5290
4581
4567
4913
4573
5417
4793
4113
4568
4996
5714
4353
5069
3797
4904
4747
4277
4976
4009
5098
4490
3747
5211
5099
5366
5306
5434
5488
4706
4234
5151
4434
5195
4170
4934
4034
5864
4364
3823
4581
5632
4023
4949
5200
5374
3901
5704
4487
4748
8101
4951
5512
4423
4583
4544
5799
4221
4330
5393
4379
5746
6019
4544
5462
3872
5390
5430
3952
5540
4191
4413
4532
4704
4419
5628
3879
4901
4645
4644
5504
4880
4456
5479
3888
3508
4461
5406
6035
5973
4106
4293
4264
5134
5828
3949
5827
5656
5069
3855
4297
3893
5205
3952
4281
4093
4996
5292
4616
3964
5864
4383
4392
4681
3814
3976
4416
5165
5473
3893
5098
4272
5052
5886
5861
5018
4938
4311
5699
5798
5788
4493
4080
4657
4389
4578
5237
4523
4936
4575
5801
5874
5703
5605
4365
4661
4017
5601
5585
5476
4689
5729
4834
4716
4871
4293
5413
4784
4407
5339
5656
5405
3724
4382
5403
5358
4479
5064
5739
4772
5313
5857
3776
5070
4116
4055
6395
8171
4480
4783
5122
4212
6118
4996
4898
5397
4294
4513
4158
4539
4771
4523
4083
5055
3967
5919
5625
5178
5637
3845
4042
4720
3729
4708
5233
5974
5035
4483
5731
4141
5325
4974
4679
4535
4750
6007
5556
3943
4748
4210
5629
5639
4114
5074
5290
5488
5571
5785
4567
5590
5731
5417
4531
4675
5974
5515
4006
5799
5127
5088
6146
4036
4494
5825
4157
4627
3992
4597
4982
4356
5124
5365
5338
6120
4879
4850
3720
5060
4372
5997
5376
5668
3778
4220
5618
4896
4303
4239
5056
5947
5210
5260
4455
3582
4098
4827
3806
4074
5651
3650
5930
5502
5380
5231
5279
4664
5304
5545
5262
4047
4467
4350
5666
3911
5462
4078
5777
4316
4339
4780
3705
5702
3948
4837
5054
4692
4198
3930
4983
4730
4275
5508
5788
3959
4368
5257
5889
5450
5628
4639
4813
4613
4713
4638
5263
4562
5261
5525
4761
5221
4256
5763
5213
5107
4872
5584
5419
5663
5641
5229
4296
4892
4852
4099
5300
4827
4075
4736
6164
5626
6047
5231
4720
5577
3623
4409
4400
4374
3932
4015
4126
4697
4032
5208
4377
4755
4078
5451
3977
5587
4164
5305
4000
4122
4857
4151
5283
4633
5858
3653
5696
4686
5151
5721
4230
4988
5812
5735
5611
4884
5641
5526
3935
4091
4989
5183
5200
4013
5291
4527
4925
4592
5837
4310
4281
4651
5375
6359
5796
4242
5900
5073
5633
5000
4642
5720
5420
4838
5697
4083
3959
5122
4765
5573
4879
5456
5841
4479
5039
3924
4009
4712
5086
5479
5556
5187
4706
4092
5564
4970
5533
5580
4986
4010
4927
6478
5944
4489
5461
5262
5594
5472
4326
5549
4776
4698
5029
5021
4087
4706
5633
5163
4984
4912
4196
4440
5165
5461
4721
4425
5653
5607
4712
5352
4832
5043
5043
5316
4973
5779
4323
5654
5336
4614
5880
5224
5436
4622
4899
4989
5399
4396
5783
3838
5365
3970
4305
5839
3870
5204
3649
3971
5568
3708
5241
4367
4101
5563
4733
4047
5277
4406
4948
5089
5762
5100
5468
5070
5304
4782
4754
5322
5818
5194
4566
4086
3743
4572
5295
4752
4736
3787
5272
8178
4568
5659
4002
4354
5011
4860
5700
4022
5151
5420
5184
3828
5045
4936
4591
4977
3905
5691
5241
5724
5815
5033
4606
5576
4733
5537
4307
4465
3906
4651
5856
4742
4579
4564
4554
3960
5693
3991
4177
4382
5359
4922
5447
4952
4657
4801
4162
5119
5593
5020
3992
5523
4929
5838
5856
5389
5563
7045
4070
3937
5822
4924
5475
4491
6600
4460
4916
3670
5547
4222
4466
4078
4665
4705
4140
3905
5302
5624
4529
3995
5238
4902
5684
5079
4037
3859
5043
4859
3901
4865
3621
4343
4235
5211
5779
4813
4297
5168
4975
4383
4305
4364
5294
4481
4286
5303
5646
5146
4784
4939
4278
4690
3850
5084
4451
5671
3987
4916
4267
5780
4782
4793
5371
8073
5405
5094
4831
4916
4817
4576
4037
4102
4916
4100
5643
4058
5609
4285
5044
5471
4114
4753
5548
4863
4685
4609
6527
5768
4943
5303
4944
5490
5273
5131
4705
5441
5510
5019
5101
4765
4407
5582
4810
4622
5579
3687
5371
4152
4783
3701
5771
4079
5413
5368
4646
3596
5621
4821
5628
4824
5664
6853
5189
6291
5780
4894
5512
4785
5952
4393
6083
4353
3815
5122
5742
3659
3759
3944
5246
4633
5469
5273
3997
5328
4241
4536
4070
5332
4191
5054
4646
5274
4525
4539
5553
4186
4435
4830
4344
4243
5373
4750
3899
5789
3901
5264
5599
3911
3803
4256
4589
5540
4208
4564
4961
5596
4599
3940
3552
4501
4432
4735
4153
5031
4844
4443
4686
5386
4997
5865
4161
5998
4379
4372
5408
4363
4409
5713
4478
5757
5478
5635
4448
5144
4250
4268
4416
5309
5761
4483
5876
4564
5016
5624
5489
5431
4794
4963
3916
5917
4693
4147
4956
4594
3743
5455
5617
5683
3953
5098
4382
4568
4611
4644
5882
5311
5746
4663
4904
3893
4342
5461
4497
4108
5316
5179
5959
4333
4991
4684
5119
4751
5767
4087
5142
4875
4291
3929
4190
5226
4357
5133
4308
5304
4087
4531
5490
4325
5358
5005
5294
5128
5023
4016
4465
5109
4730
5868
5558
5249
4406
5321
5004
4136
4488
4596
5381
3985
5516
4219
5190
5602
5407
5168
5648
5427
4236
4512
4278
4143
5757
4683
4596
5666
5427
5728
4625
5417
5166
4159
4313
5308
5089
5620
3946
5415
4077
5222
4817
4283
5227
4823
5871
4543
4169
4162
5890
5552
4618
3981
4145
4008
5963
4322
5338
5207
5631
5722
4354
3890
5592
4659
5261
4601
5385
3917
4285
5320
5153
5633
4919
5467
5673
4013
4471
5745
5980
4748
4017
4830
4694
5064
4858
4227
5765
5115
5313
5997
3955
6015
5235
5264
4714
4582
5360
4711
4557
4541
4704
5691
5498
4815
4293
4218
5334
5531
4189
3743
5091
4695
5199
3809
4968
4778
5299
5626
5243
5685
4487
5006
4128
4504
4997
5208
5867
3810
5808
5056
4258
3812
5071
4003
3929
4231
4584
4527
4409
5865
5010
4825
5042
4251
4013
4937
4250
5645
5026
5515
3872
5775
5667
4622
5452
3973
4411
4308
4301
4906
4157
4331
4733
8169
5853
4858
4942
4421
5201
6256
4396
3958
4857
5473
5377
5597
4534
4880
5218
4333
5777
4775
4446
5043
3775
4818
3804
4028
4046
4228
5196
3641
5029
4614
5971
5619
5463
5556
5711
4691
4654
4840
4523
4695
4859
4654
3831
4866
5213
5785
4018
5527
4944
4577
4143
4152
4255
5318
4868
4943
5672
5516
5322
4245
5010
4337
4772
5675
4957
5623
3829
4229
4585
4378
4382
5222
5533
5935
4953
4541
4833
5904
4469
5694
5404
4893
3898
4210
4626
5122
5844
3894
4032
5118
5370
4733
5144
3782
4301
4952
4436
4761
3736
4132
4249
5592
4957
4623
4111
4434
5641
4472
4708
4374
5615
4011
4291
4786
5188
6354
4799
3784
5613
4927
4128
5826
5163
3948
4412
5605
3940
5734
3689
5676
4191
4713
8092
5150
5949
5448
4740
5375
4857
5433
4310
5783
5750
5795
3944
4232
4613
4615
4829
4736
3516
4938
4467
5593
4011
4328
5606
5263
5211
3825
3859
5513
3966
4470
4070
3847
5349
4823
5075
4892
5249
4651
5136
4488
3926
4874
5477
4822
4933
4277
5760
4840
5247
5350
4217
4891
4507
4958
4626
4020
4863
4000
4452
5379
5993
5543
5361
5527
5195
3854
5474
5563
4807
5588
5354
4252
4587
4950
5274
4380
5615
4779
5608
5766
4956
5176
4821
4485
4841
4772
8150
5997
3675
5046
4657
4507
5449
5221
4920
4067
3783
3869
4964
5854
5858
4043
4452
4391
5152
4271
4522
5145
8161
5480
5826
3900
4430
4654
5018
4169
5097
5583
4650
5056
4416
3952
4350
5203
5118
5226
5233
4914
5424
4009
4298
5128
3980
4565
4244
4154
3825
5581
4502
5934
5410
4663
4389
4724
5238
4886
5551
5454
4613
4625
4857
5443
5454
4005
5242
5380
5609
5963
4389
5058
4779
4968
5610
4340
4972
4185
4234
4609
5669
4897
4307
3698
5407
4057
4916
5010
5639
5076
5486
4404
4325
3770
4016
4952
3837
5952
3975
5867
4023
5359
4030
4542
5337
5533
4341
5440
5448
5852
5257
4625
5581
5474
5612
5838
5114
4662
5873
4051
4785
5076
5546
5805
4293
4458
4683
5532
4964
4604
4384
4185
4434
5558
3939
4245
5617
5275
4798
4292
4209
6513
5300
5156
8104
4497
5643
4082
4117
5135
4635
5217
4456
4526
4309
5812
5143
5451
3893
5515
4814
5679
5045
5083
4419
3970
4894
4557
5074
5125
5804
4501
4233
5000
5176
4294
5718
5451
4358
4543
5682
4347
4586
5815
5057
5231
5935
3945
5485
4554
5202
4188
4871
4684
4819
5737
4785
4052
4311
4256
5678
8163
3935
5115
5484
4894
5049
5606
5376
5987
4416
5692
5182
5636
4112
4216
3704
4205
4430
5656
4214
4273
5297
5219
5471
6004
5170
4946
4529
4365
4271
4621
5665
3757
4431
4551
4200
4604
5736
5452
4813
5431
3797
5248
4793
3641
3792
5239
4613
4590
5598
5063
4370
5377
4112
5624
4251
3896
5064
3765
6326
5575
5351
4224
4365
4595
5468
4411
4933
4156
4243
4031
5008
5216
5650
4752
5629
4343
4777
5884
5523
4600
5344
4518
5046
5945
5526
4712
5267
4183
4746
3750
5011
4402
4954
4795
5001
5351
4351
4845
5622
4652
5183
5644
5534
5079
4469
4792
5370
4863
4766
5667
4569
3862
4119
5116
5169
5354
4209
4616
4628
4555
5063
5456
5380
4263
5435
4601
4040
4515
3930
4470
5656
4083
5110
4157
5373
5113
5133
5408
4588
5771
5657
4125
5836
3970
5807
5729
4573
5725
4217
5512
5016
5551
5818
4858
3975
5643
5062
5467
3980
5435
4185
5313
4343
5442
4300
5661
3772
4142
5191
4379
5022
4728
4650
5638
4000
4803
5074
4346
5149
3979
5412
4991
4697
5574
3831
6621
5774
4269
4630
5384
4978
4879
5273
5476
5119
4872
5410
5249
5508
5067
4658
5360
4145
3992
5090
5626
4006
5448
5030
3937
4948
4854
3945
3882
4837
5675
6292
3781
4001
5409
4113
4106
4239
5120
5493
4372
6475
3989
4637
5084
4458
4577
5009
3752
4009
5831
4448
4962
5666
4558
5125
4261
5525
5844
5239
4751
5382
3960
4478
4910
3765
4039
5524
5590
5864
4154
4374
5676
4878
4880
5607
5264
5724
5465
5414
5503
4000
5087
4143
4807
3590
5393
5229
4252
4695
4782
5858
5620
5697
4956
3640
5672
5466
4820
5551
3956
3954
4555
5546
5624
5075
5851
5321
4856
5415
5842
4304
4489
4474
5737
4830
4338
5551
4867
4777
4974
4031
4288
5409
4440
4786
5070
5524
3802
5700
3930
5143
5063
3745
4694
4669
5241
4648
5187
4011
4447
5811
5136
4764
4934
4847
5203
4464
4293
4826
4153
4230
4062
4570
5527
5604
4307
5382
5231
5563
6757
4186
4297
4275
4897
5738
5493
5732
4112
5682
4311
4478
5301
4163
5589
4662
3845
5932
8177
3543
3942
4472
5759
4785
3979
4879
4428
5220
5499
4710
5473
3942
4201
5241
3981
5599
4170
5754
4764
5495
3870
5501
5286
4023
4473
5508
5348
4354
4170
5338
4618
4977
5641
5000
4667
5753
4767
5237
4610
3789
4504
4340
5598
4185
4576
4874
5912
4235
4222
5982
4869
5130
3963
5317
3451
5696
4410
4206
5019
6234
5107
5570
5154
5603
4964
3900
3921
4185
4055
4026
4751
4452
4630
4686
5363
5293
4843
4865
4808
5787
4746
4224
5218
5700
4975
5983
5705
4188
4383
4413
4329
5078
5285
4881
5292
4359
4547
4481
4781
3756
5167
5262
5315
5095
5997
4619
4084
4003
4110
4487
4693
4372
4602
4143
3987
3855
4078
5080
5253
4807
5368
5068
5451
4773
4826
4144
6495
4722
4369
5559
4930
5343
4541
5221
4024
4349
4875
4392
4019
3834
5556
4475
4977
5379
4485
5770
6048
5641
4434
4996
6245
4369
3708
5726
4056
5235
3787
5605
4557
4211
4988
3788
8130
5783
4912
5085
5586
5178
4203
5006
4307
4461
4521
4322
4162
5516
3974
4249
4202
5739
5737
5519
5680
4330
5893
4873
4402
5766
4136
4142
5168
3694
3866
4143
4284
5758
5539
3989
3952
4975
4426
5473
4777
5002
4603
5532
5934
5610
5808
4362
3794
3896
4436
6522
5243
3802
4567
4821
5424
5323
4681
4479
4524
5017
5299
5502
3709
5814
4032
4801
4635
3689
4690
4121
4595
5162
5380
4319
4531
4214
5090
5590
5759
5376
5366
5429
5570
4958
4134
4476
5654
4276
3731
4853
4579
4363
4590
4293
5236
5114
4793
5534
5772
4177
6132
4288
6301
4024
5641
4714
4225
5250
5235
5455
4728
4479
4999
5616
4692
4022
4667
4876
4697
4915
4839
5027
4231
4875
4798
4955
4439
5735
3928
5310
4298
4258
4233
4622
3924
4923
5437
5037
4282
4393
4905
4394
4228
5179
5146
4434
5465
5046
5549
5390
3976
4831
4419
5500
4919
5428
4835
4880
5576
6148
4483
5325
4404
6253
4489
4196
5618
4695
3595
3861
4795
5037
4063
5338
4028
5356
4302
4472
4694
5813
4436
5651
5833
5006
3913
5072
4705
3836
5258
4678
5636
4411
4369
4152
5720
4459
4716
4029
5239
5381
4595
5443
4307
4116
4693
3973
4943
4838
4473
4192
4887
3779
5490
4406
4180
5364
5184
6151
4528
4942
4419
5732
5332
3802
5017
5142
5622
5067
3693
5339
3993
5640
4173
4798
4062
4450
4877
4914
3788
4328
5157
3947
5534
5503
4372
3917
5846
5262
4547
4868
4434
3946
3968
5377
5822
4901
6100
5219
4771
4989
4494
4891
4565
4859
5010
5415
4236
4877
4264
5568
5135
5587
4097
5655
5040
6027
3974
4801
4498
4689
3960
4597
4977
4888
4012
6059
4449
5316
4901
4896
5849
4369
5536
6448
5944
4944
5773
4626
5586
5168
5930
4419
4984
4493
5619
4048
3783
5595
4934
4962
5377
4065
4004
3898
5870
3889
5129
5629
5252
4240
5141
5475
3839
5322
4859
5883
3811
4208
4969
4458
4200
5708
3718
4924
4621
4353
4110
4703
4268
4218
5399
4108
5226
4662
5416
5748
4252
4807
4732
4167
4888
4816
4856
5176
5238
5419
4636
4605
5788
4340
5352
3759
5085
5320
4629
4616
5456
4334
4833
4653
4352
4556
4684
5329
4824
4070
4757
4874
3952
3872
5302
4622
4659
5813
5080
5565
4745
5595
4963
4972
5059
4967
4188
3732
4379
4543
4995
4996
5193
4503
4638
4478
4013
5493
4756
5053
4989
4457
3900
5475
4673
5542
4062
5788
4065
5758
5056
5935
4675
4773
5237
5844
4192
5845
5702
5447
5507
4050
5317
5106
4065
4911
4491
4047
4177
5452
4793
4693
5604
4433
4237
4864
5551
4874
5377
4535
3973
5062
5375
4868
4035
5518
5306
3904
4873
6504
5695
5314
5253
5932
5583
4109
5564
4238
5557
5869
4012
5120
4185
5714
4391
3928
4529
4733
4922
5387
5537
3990
4615
5388
5510
4632
4790
4727
4271
6679
5683
3864
5131
3588
4244
4857
5373
4770
5431
4896
5594
6071
4493
5303
5224
5435
4331
5581
4941
4885
4572
5415
4174
4308
4950
5072
4771
5694
4107
4544
4365
4903
4977
3975
6024
6523
5008
4639
5684
4009
4973
5407
3996
4399
5653
4068
5419
6459
4973
5750
4296
3849
5360
5271
5249
3820
4857
4138
4797
3927
5103
5400
5242
4977
4442
4068
5845
5300
4586
4082
3936
3973
5119
4672
4161
4993
4126
3947
4176
4295
5953
4468
5007
4452
4043
5088
5264
4263
4038
5383
4801
5599
4645
5236
5931
4483
4981
5559
4827
4058
5618
5434
5718
5297
8120
5064
4221
5300
4533
4278
5462
4601
3647
5495
5311
4622
5725
4608
5945
5025
4444
4000
5739
5359
5988
4079
4344
5209
4265
5463
5941
4335
4637
5011
5041
5184
4303
5408
5169
4416
4080
4212
5268
3965
5165
4328
3642
5273
3631
4930
5538
4893
4597
6177
4959
5839
4636
5614
4921
4235
4284
4788
4645
4465
4346
4052
4290
5248
5489
3940
3996
5387
4124
5348
3703
4907
5257
5577
4276
5965
4355
5146
3853
5204
4589
6044
4953
5348
5599
3681
4250
4597
5956
4607
4435
4257
3783
5425
5657
4462
5050
3743
4362
5505
5166
5116
4905
5675
5980
5777
5833
4094
3757
5146
5895
4035
6131
5968
5466
5345
4414
5132
4263
5730
5225
3880
4340
4095
6037
3966
3896
5587
5028
5503
5383
5086
5035
4507
5669
5052
4750
5312
3854
5633
5133
4988
4857
5435
3912
4184
5635
5525
5430
5461
5195
3622
4923
4847
3884
5677
4780
4822
5145
5063
4161
5325
5574
4900
5759
5273
4286
4834
5454
4745
4506
4319
5462
5390
5207
4258
5327
4761
5225
5508
3882
5810
4070
4753
5467
5054
4923
5244
5037
4374
3861
4579
5942
4480
4874
3986
5151
5265
5561
4804
5534
5490
5283
6478
6396
5473
4061
5197
4528
4210
5585
4495
4065
4325
4353
4060
4444
5274
5392
3670
5962
3844
6598
4885
4353
4513
5799
3997
5427
5100
5954
5641
5160
4868
4051
5590
4137
5404
3750
5360
4828
4702
3845
6000
4261
5299
5762
5460
4916
4861
4147
4035
4011
4009
4277
5077
5569
5606
5694
4988
3663
3597
4569
4912
5765
4379
5619
4496
3894
4457
3985
4610
5089
5080
4355
3960
5454
5872
3660
6001
5032
5559
4108
5012
5024
5440
4455
5621
5677
5330
5258
4629
5715
5422
5690
4863
5422
4462
5325
4027
4408
5410
4722
4621
5336
5282
4309
6041
5571
6718
3991
4329
5958
5779
5188
5684
6175
3856
5335
5049
4860
3397
5680
3596
4949
5342
4565
5312
3526
3903
5485
5341
5849
5235
5322
4498
6593
4382
3491
4215
5649
4881
4904
3805
4449
4351
4562
4961
5117
5115
4707
5613
3954
3830
5792
5122
4555
4379
3810
3745
4314
5156
4387
3970
5493
4854
5423
5343
4967
5560
5666
4869
4807
4231
5364
4881
4136
5139
4224
5338
4788
4860
4910
4524
5375
5647
4319
4374
5036
5293
5013
4341
6292
4928
5570
5048
5069
5477
5302
5337
4948
5543
5033
3610
4325
5535
5472
4784
5032
4728
4211
5951
5103
4350
5462
5064
4294
4772
5419
4563
5419
4913
4714
3881
4810
4054
3975
3683
4504
4488
5647
5093
5361
5553
4281
5993
4694
4029
4031
5777
4541
5769
4122
5190
4351
4155
5682
5504
5957
5292
5385
4991
4646
5523
5386
5425
4567
4369
5818
4102
4066
5774
5615
4815
4731
5838
5838
5157
5511
3878
5297
3670
5900
4809
5415
5262
3610
5576
3704
5632
3969
6003
5502
4586
5545
5937
4711
4441
3548
5049
4475
4036
5345
4569
4695
4831
4864
3653
5299
3815
4049
5056
5243
4769
5155
5123
5039
4113
4296
5272
5801
5044
4163
4644
4801
5691
5688
5271
5270
4569
5345
8133
3988
3788
5213
5007
5773
4140
4993
5291
5832
5986
4756
5544
4900
8120
5606
4864
3998
4486
4824
3997
4713
4222
4869
6286
4957
5720
4258
4835
4033
4839
4061
4124
5054
4651
4072
4165
5662
4684
3949
4660
5582
5478
5178
4941
4123
4491
5055
4920
4078
4531
5020
5695
5480
7629
3872
4198
4275
5879
5743
4721
5754
3894
5780
5019
4229
3922
5043
5934
5088
4753
4372
4044
4045
6041
5724
4169
4959
5385
4218
5588
5679
4079
4988
4699
3708
5678
5080
3917
4427
4967
5035
5952
5179
5734
5410
4874
4231
4558
5634
4517
3643
5465
5224
4396
5492
4178
5295
5033
5688
6522
5270
4246
4670
4675
4697
4581
4621
5122
4121
5452
5716
5518
4852
5884
4208
4558
5033
4978
5668
4177
4501
4998
5286
4915
3977
5302
4944
5430
5156
8149
5269
3790
4815
5837
4196
4326
6206
5050
4087
5274
5679
4690
5525
3766
4389
5282
5429
6849
4924
4712
5015
4316
3961
5064
4859
3836
5617
5892
5844
4252
5011
5226
4464
4162
5869
5352
5164
5345
4045
4420
5618
5493
4634
5953
5758
4747
4594
5608
5417
4940
3970
4051
5619
3807
4260
5233
4540
4666
4111
4296
5289
4211
4902
5080
5265
4683
3780
4328
8148
4989
4797
4261
5872
4633
4498
5725
4037
4292
4984
4729
5180
3936
4162
3980
5270
4929
3873
3600
4212
5920
5670
4711
4138
5331
4395
4660
